29.0660514831543,159.288696289063,0.0859375,87068170248
28.3288688659668,158.814788818359,0.1201171875,87068170436
28.2235565185547,158.656799316406,0.13671875,87068170477
28.0655879974365,158.446197509766,0.1298828125,87068176616
28.0655879974365,158.288208007813,0.1279296875,87068183896
28.0655879974365,158.182922363281,0.11328125,87068192162
27.907621383667,157.919616699219,0.095703125,87068198676
27.8023090362549,157.814331054688,0.08203125,87068208003
27.4863739013672,157.39306640625,0.07421875,87068214007
27.2230949401855,157.287750244141,0.0751953125,87068222481
26.9071598052979,157.182434082031,0.0810546875,87068229155
26.6438808441162,157.024475097656,0.083984375,87068237616
26.485912322998,156.919158935547,0.0849609375,87068243992
26.3805999755859,156.761199951172,0.0859375,87068255091
26.3805999755859,156.761199951172,0.0859375,87068260433
26.3805999755859,156.761199951172,0.0830078125,87068268318
26.6438808441162,156.655883789063,0.080078125,87068274111
27.0651264190674,156.550567626953,0.0791015625,87068283923
27.8023090362549,156.392608642578,0.080078125,87068289207
28.802770614624,156.287292480469,0.0810546875,87068297434
29.9085445404053,156.024017333984,0.0810546875,87068304310
31.6461887359619,155.655426025391,0.083984375,87068313024
33.3311767578125,155.392150878906,0.0869140625,87068321927
35.1741333007813,154.865600585938,0.0888671875,87068327524
37.0697441101074,154.391693115234,0.0888671875,87068333994
38.9127006530762,153.865112304688,0.1025390625,87068342578
40.9136276245117,153.233245849609,0.123046875,87068349237
43.0198631286621,152.601379394531,0.1396484375,87068357778
45.4420318603516,151.706237792969,0.1572265625,87068364038
48.0221710205078,150.811096191406,0.166015625,87068373376
50.8655891418457,149.915924072266,0.171875,87068378978
53.8669738769531,148.810150146484,0.1767578125,87068388244
56.9736709594727,147.546417236328,0.1806640625,87068394140
59.9750595092773,146.282684326172,0.1865234375,87068402584
63.2397232055664,144.860961914063,0.193359375,87068409384
66.9782943725586,143.333953857422,0.19921875,87068418111
71.08544921875,141.964904785156,0.2060546875,87068423920
75.508544921875,140.595855712891,0.208984375,87068432911
79.931640625,139.068817138672,0.2119140625,87068439365
84.7759780883789,137.383819580078,0.2138671875,87068447746
89.8836059570313,135.751495361328,0.2138671875,87068447887
94.8859100341797,133.961212158203,0.216796875,87068455406
99.5722885131836,132.486846923828,0.2236328125,87068463017
104.574592590332,130.696533203125,0.234375,87068469112
110.156120300293,129.064208984375,0.2451171875,87068477414
115.842956542969,127.168594360352,0.2587890625,87068484375
121.529792785645,125.220321655273,0.265625,87068492038
127.690528869629,123.21940612793,0.2705078125,87068499373
133.21940612793,121.429092407227,0.2724609375,87068507597
138.642959594727,119.796768188477,0.2724609375,87068514318
143.645263671875,118.269744873047,0.2705078125,87068522084
148.489608764648,116.900695800781,0.26953125,87068529426
153.018020629883,115.373672485352,0.271484375,87068537451
157.283142089844,113.951965332031,0.2763671875,87068544308
161.600921630859,112.477600097656,0.27734375,87068552861
166.708541870117,110.792602539063,0.275390625,87068559416
171.816162109375,109.265594482422,0.271484375,87068567564
177.134414672852,107.527938842773,0.2705078125,87068574462
181.820785522461,106.000930786133,0.271484375,87068582723
186.085906982422,104.21061706543,0.2763671875,87068590761
189.929794311523,102.683609008789,0.27734375,87068597404
193.352432250977,101.419860839844,0.27734375,87068604422
196.617095947266,100.156112670898,0.275390625,87068612896
199.460510253906,99.1556549072266,0.271484375,87068619420
201.882675170898,98.2605133056641,0.2724609375,87068627132
204.19953918457,97.3653564453125,0.2744140625,87068634441
206.305770874023,96.628173828125,0.2763671875,87068642613
207.885452270508,95.9963073730469,0.2763671875,87068649452
209.043884277344,95.3644409179688,0.2744140625,87068657282
209.465133666992,94.8378753662109,0.2734375,87068664324
209.570434570313,94.3639678955078,0.2177734375,87068679334
209.149185180664,93.9427185058594,0.1162109375,87068687657
208.148727416992,93.8374176025391,0.0498046875,87068694389
78.3519668579102,87.3607330322266,0.2109375,87069069435
77.5094680786133,86.8868408203125,0.291015625,87069069617
77.6674346923828,86.8868408203125,0.328125,87069069666
78.2466506958008,87.1501159667969,0.3173828125,87069077442
78.5099334716797,87.2554321289063,0.3173828125,87069084913
78.7732086181641,87.6240234375,0.294921875,87069092528
79.2471160888672,88.1505737304688,0.2646484375,87069099558
79.6683578491211,88.8877563476563,0.244140625,87069107990
79.931640625,89.6775970458984,0.2275390625,87069114847
80.0896072387695,90.6780548095703,0.2216796875,87069123087
80.1949157714844,92.047119140625,0.21875,87069123198
80.1949157714844,93.8374176025391,0.21875,87069130001
80.3528900146484,96.2595825195313,0.2158203125,87069138728
80.510856628418,98.8923797607422,0.212890625,87069145813
80.6688232421875,101.841110229492,0.2119140625,87069159840
80.7741317749023,104.842498779297,0.212890625,87069160019
80.9320983886719,108.528411865234,0.2138671875,87069167992
81.1953811645508,112.688217163086,0.2138671875,87069175388
81.6692810058594,117.006011962891,0.21484375,87069183162
82.0905303955078,121.218475341797,0.216796875,87069191439
82.5117797851563,125.220321655273,0.2177734375,87069197650
83.0909957885742,129.169509887695,0.2177734375,87069205011
83.6175537109375,133.4873046875,0.2158203125,87069213113
84.0914535522461,137.647125244141,0.21484375,87069220009
84.354736328125,141.701629638672,0.216796875,87069228149
84.6180114746094,145.492828369141,0.2197265625,87069235064
84.6180114746094,149.178741455078,0.2216796875,87069243150
84.6180114746094,152.864654541016,0.2216796875,87069250122
84.5127029418945,156.287292480469,0.2197265625,87069258015
84.5127029418945,159.446655273438,0.21875,87069264987
84.354736328125,162.237426757813,0.21875,87069273393
84.1967697143555,164.60693359375,0.220703125,87069280330
84.0914535522461,166.660522460938,0.2236328125,87069288466
83.775520324707,168.661437988281,0.2275390625,87069294824
83.3542709350586,170.451721191406,0.2294921875,87069303553
82.9330291748047,171.978759765625,0.2294921875,87069309940
82.5117797851563,173.347808837891,0.23046875,87069318685
81.9325637817383,174.664215087891,0.23046875,87069324624
81.3533477783203,175.769989013672,0.23046875,87069333446
80.9320983886719,176.770446777344,0.232421875,87069340108
80.6688232421875,177.665588378906,0.2333984375,87069348160
80.3528900146484,178.455413818359,0.236328125,87069355139
80.1949157714844,179.087310791016,0.2412109375,87069363462
80.0896072387695,179.824493408203,0.248046875,87069370214
79.931640625,180.351043701172,0.251953125,87069378214
79.931640625,180.824951171875,0.2548828125,87069385144
80.1949157714844,181.351501464844,0.2587890625,87069400018
80.510856628418,181.720092773438,0.2607421875,87069409356
80.7741317749023,182.088684082031,0.263671875,87069414990
81.0900726318359,182.351959228516,0.2666015625,87069423665
81.5113143920898,182.615234375,0.2705078125,87069430284
82.0905303955078,182.720550537109,0.2763671875,87069438673
82.7750549316406,182.720550537109,0.28515625,87069445114
83.6175537109375,182.615234375,0.2900390625,87069453690
84.7759780883789,182.509918212891,0.2919921875,87069460232
85.9344100952148,182.351959228516,0.29296875,87069468680
87.1981506347656,182.088684082031,0.294921875,87069475234
88.9357986450195,181.720092773438,0.2978515625,87069483451
91.0420303344727,181.351501464844,0.3017578125,87069490542
94.2013854980469,180.824951171875,0.3037109375,87069498650
97.4660491943359,180.351043701172,0.306640625,87069505250
101.046653747559,179.824493408203,0.3076171875,87069513255
104.890533447266,178.929321289063,0.310546875,87069520307
109.260971069336,177.928863525391,0.3115234375,87069528481
113.84203338623,176.928405761719,0.314453125,87069535255
118.107162475586,175.927947998047,0.3154296875,87069543308
122.109008789063,175.032806396484,0.3154296875,87069550367
126.110855102539,174.137634277344,0.31640625,87069558307
130.218017578125,173.242492675781,0.31640625,87069565212
134.483139038086,172.347351074219,0.318359375,87069573805
138.484985351563,171.610168457031,0.3232421875,87069579770
142.644805908203,170.978302001953,0.326171875,87069591155
146.593994140625,169.977844238281,0.3271484375,87069595170
150.595840454102,168.819396972656,0.328125,87069603831
154.17643737793,167.818939208984,0.330078125,87069610018
157.283142089844,166.923797607422,0.32421875,87069618974
160.021240234375,166.028625488281,0.3173828125,87069625296
162.127487182617,165.291442871094,0.3125,87069633723
163.707153320313,164.501617431641,0.3095703125,87069640407
164.865585327148,163.764434814453,0.2822265625,87069648775
165.286834716797,162.869293212891,0.2470703125,87069655374
165.128875732422,161.868835449219,0.1689453125,87069670262
154.439727783203,63.5602722167969,0.1796875,87069895595
154.17643737793,62.559814453125,0.24609375,87069895871
154.334411621094,62.559814453125,0.27734375,87069895928
154.597686767578,62.4018402099609,0.265625,87069903432
154.860977172852,62.559814453125,0.2607421875,87069912235
155.334869384766,63.1916809082031,0.2158203125,87069933465
155.440185546875,63.7182464599609,0.1923828125,87069940408
155.334869384766,64.3501129150391,0.181640625,87069948345
155.440185546875,64.9819793701172,0.1806640625,87069955088
155.598159790039,65.6138610839844,0.1826171875,87069963424
155.756118774414,66.7196350097656,0.1826171875,87069970436
155.861434936523,67.8780670166016,0.18359375,87069981158
156.019393920898,69.5103912353516,0.185546875,87069985595
156.177368164063,72.1958465576172,0.1865234375,87069993685
156.282684326172,75.6184692382813,0.1865234375,87070000676
156.440643310547,79.8836059570313,0.1875,87070008375
156.440643310547,85.6230926513672,0.1875,87070015610
156.440643310547,91.3099365234375,0.189453125,87070023860
156.440643310547,97.2600402832031,0.1923828125,87070030475
156.440643310547,102.841567993164,0.19140625,87070038843
156.440643310547,108.423095703125,0.19140625,87070046233
156.440643310547,113.583374023438,0.1953125,87070053858
156.440643310547,118.533020019531,0.201171875,87070060594
156.440643310547,122.956115722656,0.208984375,87070069199
156.440643310547,127.168594360352,0.216796875,87070075250
156.598617553711,131.696990966797,0.220703125,87070084210
156.861892700195,135.909454345703,0.2236328125,87070090999
157.177825927734,139.542724609375,0.2255859375,87070098918
157.441101074219,143.228637695313,0.2255859375,87070099145
157.757049560547,146.651275634766,0.228515625,87070105762
157.862350463867,150.073913574219,0.2275390625,87070114685
157.862350463867,153.601837158203,0.224609375,87070120785
157.862350463867,157.182434082031,0.1630859375,87070135717
11.5316400527954,256.965362548828,0.1875,87070721641
11.6896076202393,256.860046386719,0.259765625,87070721844
12.5321016311646,256.860046386719,0.29296875,87070721890
14.1117782592773,256.596771240234,0.283203125,87070728873
14.9542722702026,256.438812255859,0.2841796875,87070735876
16.1127014160156,256.070220947266,0.27734375,87070743886
17.5344104766846,255.543640136719,0.2724609375,87070751252
19.2194004058838,254.806457519531,0.2685546875,87070759480
21.2203235626221,253.805999755859,0.2666015625,87070766274
23.8004627227783,252.647583007813,0.265625,87070774985
27.0651264190674,251.278533935547,0.2626953125,87070775129
30.6457271575928,249.751495361328,0.26171875,87070781221
34.7528877258301,248.119171142578,0.26171875,87070789762
40.0184745788574,246.434173583984,0.263671875,87070795848
46.0212478637695,244.433258056641,0.2646484375,87070804688
52.287296295166,242.642944335938,0.267578125,87070811379
59.5538101196289,240.852661132813,0.2685546875,87070819653
67.1362609863281,239.220336914063,0.2685546875,87070826194
75.0872955322266,237.587982177734,0.26953125,87070836587
83.5122375488281,235.6923828125,0.271484375,87070841331
92.0424957275391,233.638793945313,0.2724609375,87070850194
101.309928894043,231.637878417969,0.275390625,87070856595
110.840644836426,229.478973388672,0.2744140625,87070864492
120.845268249512,227.425415039063,0.271484375,87070871401
131.060501098633,225.687774658203,0.2705078125,87070879822
141.644348144531,224.055419921875,0.26953125,87070886477
152.017547607422,222.528411865234,0.26953125,87070894852
162.601379394531,221.264678955078,0.271484375,87070901403
172.553344726563,220.211547851563,0.2724609375,87070909740
182.926559448242,219.474365234375,0.2724609375,87070916496
193.194458007813,218.737182617188,0.275390625,87070924952
203.883605957031,218.210632324219,0.2802734375,87070931170
214.151504516602,217.684051513672,0.28515625,87070939969
224.84065246582,217.315460205078,0.2900390625,87070946285
234.371368408203,216.946868896484,0.2939453125,87070954886
243.217544555664,216.68359375,0.2998046875,87070961226
251.747802734375,216.578277587891,0.302734375,87070969949
259.172271728516,216.578277587891,0.3037109375,87070976213
266.175506591797,216.578277587891,0.3046875,87070985233
272.441558837891,216.68359375,0.306640625,87070992214
278.12841796875,217.210174560547,0.27734375,87070999769
283.130706787109,218.105316162109,0.234375,87071006494
286.974609375,218.947814941406,0.1591796875,87071021867
68.9792175292969,293.297912597656,0.234375,87071727528
68.5579681396484,292.297454833984,0.322265625,87071727769
68.6632766723633,292.192138671875,0.36328125,87071728027
68.9792175292969,292.192138671875,0.3525390625,87071735453
69.2424926757813,292.297454833984,0.3525390625,87071741894
69.6637420654297,292.824005126953,0.3466796875,87071750765
70.2429580688477,293.66650390625,0.3447265625,87071757212
70.9801406860352,294.719635009766,0.341796875,87071764853
71.980598449707,296.088684082031,0.33984375,87071772287
73.2443389892578,297.721008300781,0.33984375,87071780288
74.929328918457,299.774597167969,0.3369140625,87071780485
76.9302520751953,302.407379150391,0.3359375,87071787230
79.2471160888672,305.987976074219,0.3359375,87071795250
81.7745971679688,310.305786132813,0.3359375,87071802030
84.354736328125,314.939483642578,0.3359375,87071810255
87.1981506347656,320.152435302734,0.337890625,87071817185
90.3575057983398,325.628631591797,0.3388671875,87071825282
93.7801361083984,330.946868896484,0.341796875,87071832211
97.044807434082,336.475738525391,0.3408203125,87071840433
100.309471130371,341.794006347656,0.337890625,87071847104
103.152885437012,346.480377197266,0.3369140625,87071855454
105.890991210938,350.692840576172,0.337890625,87071863913
108.313163757324,354.484069824219,0.3388671875,87071870393
110.577369689941,358.012023925781,0.341796875,87071876925
112.262351989746,360.960723876953,0.3427734375,87071885390
113.684066772461,363.488220214844,0.3427734375,87071892059
114.842491149902,365.647125244141,0.302734375,87071900245
115.684989929199,367.121490478516,0.2431640625,87071907305
116.264205932617,368.174591064453,0.16015625,87071922374
77.6674346923828,306.251281738281,0.1953125,87072072288
76.087760925293,305.619384765625,0.267578125,87072072481
76.087760925293,305.46142578125,0.30078125,87072072530
76.5090103149414,305.356109619141,0.291015625,87072080001
77.0882186889648,305.198150634766,0.2900390625,87072087352
78.0886840820313,304.829559326172,0.2841796875,87072095217
79.5103912353516,304.197692871094,0.2802734375,87072102266
81.5113143920898,303.302551269531,0.2734375,87072110390
83.9334869384766,302.302093505859,0.2685546875,87072117900
87.1981506347656,300.511779785156,0.2666015625,87072125567
91.6212463378906,298.247589111328,0.263671875,87072125968
96.6235580444336,295.562133789063,0.26171875,87072133065
102.310394287109,292.824005126953,0.26171875,87072140552
108.839721679688,289.611999511719,0.263671875,87072147638
116.000923156738,286.452667236328,0.2626953125,87072155588
123.951965332031,282.819396972656,0.259765625,87072162161
132.060974121094,279.238800048828,0.2587890625,87072170907
140.64387512207,275.710845947266,0.2578125,87072177468
149.59538269043,272.393524169922,0.259765625,87072185994
158.283599853516,269.128875732422,0.2626953125,87072192113
167.129791259766,266.074829101563,0.2646484375,87072201546
175.238800048828,263.652648925781,0.2646484375,87072207523
182.663284301758,261.651733398438,0.265625,87072215557
189.929794311523,260.019409179688,0.265625,87072222625
196.195846557617,258.860961914063,0.265625,87072230443
201.619400024414,258.229095458984,0.265625,87072237562
206.305770874023,257.9658203125,0.265625,87072245957
210.3076171875,258.123779296875,0.265625,87072252749
213.888214111328,258.492370605469,0.267578125,87072260957
216.836944580078,259.387542724609,0.2705078125,87072267152
219.15380859375,260.651275634766,0.2724609375,87072275816
220.996765136719,262.652191162109,0.275390625,87072282487
222.155197143555,265.706237792969,0.2822265625,87072291308
222.839721679688,269.7607421875,0.294921875,87072297420
222.997695922852,274.183837890625,0.306640625,87072306036
222.997695922852,279.870666503906,0.3193359375,87072312358
222.681762695313,285.978759765625,0.322265625,87072321334
222.260513305664,293.034637451172,0.32421875,87072327624
221.418014526367,300.775054931641,0.32421875,87072335996
220.259582519531,308.778747558594,0.32421875,87072342679
218.995849609375,317.361663818359,0.32421875,87072350779
217.416168212891,325.628631591797,0.326171875,87072357759
215.151962280273,334.474822998047,0.3271484375,87072365794
212.887756347656,342.952423095703,0.330078125,87072372606
210.465591430664,351.166748046875,0.3310546875,87072380204
208.148727416992,359.275756835938,0.3310546875,87072387770
205.884521484375,366.752899169922,0.33203125,87072395628
203.620330810547,373.59814453125,0.333984375,87072402523
201.46142578125,380.180145263672,0.3046875,87072410854
199.197235107422,385.866973876953,0.263671875,87072417673
195.35334777832,391.711791992188,0.1806640625,87072432489
89.7782897949219,335.738555908203,0.14453125,87072658069
89.3570404052734,334.738098144531,0.1982421875,87072658267
90.0415725708008,334.316864013672,0.22265625,87072658316
91.0420303344727,333.579681396484,0.21875,87072667827
91.8845291137695,332.947814941406,0.22265625,87072672723
93.2009201049805,332.210632324219,0.2197265625,87072681010
95.4651260375977,331.157501220703,0.216796875,87072687904
98.0452651977539,330.157043457031,0.212890625,87072695740
101.046653747559,328.998626708984,0.2119140625,87072703036
104.416625976563,327.629547119141,0.2109375,87072711440
108.997688293457,326.1025390625,0.21484375,87072711640
114.421249389648,324.47021484375,0.2236328125,87072718016
120.424018859863,322.416625976563,0.236328125,87072725989
127.690528869629,320.310394287109,0.2509765625,87072732955
135.378295898438,318.256805419922,0.2578125,87072741223
144.171829223633,316.255889892578,0.2626953125,87072747632
153.175979614258,314.202301025391,0.2666015625,87072756148
162.706695556641,312.201385498047,0.2724609375,87072762798
171.710861206055,310.411071777344,0.275390625,87072771404
180.241104125977,308.778747558594,0.2763671875,87072777977
188.508087158203,307.09375,0.28125,87072786560
195.511322021484,305.619384765625,0.287109375,87072792863
201.619400024414,304.197692871094,0.291015625,87072801514
206.727020263672,302.933959960938,0.2939453125,87072807961
211.150115966797,301.775512695313,0.2958984375,87072816109
214.730712890625,300.775054931641,0.2958984375,87072823157
217.574127197266,299.879913330078,0.298828125,87072831401
219.733032226563,298.352874755859,0.3017578125,87072838101
220.996765136719,296.615234375,0.2197265625,87072853304
156.756576538086,257.9658203125,0.19921875,87073018144
156.440643310547,258.492370605469,0.2744140625,87073018367
156.440643310547,259.124237060547,0.30859375,87073018417
156.756576538086,261.283142089844,0.302734375,87073026002
156.861892700195,262.283599853516,0.30859375,87073033001
157.177825927734,263.810638427734,0.3056640625,87073041462
157.599075317383,266.180145263672,0.302734375,87073047944
158.178283691406,269.128875732422,0.298828125,87073056720
158.862823486328,272.393524169922,0.2978515625,87073063178
159.600006103516,276.448028564453,0.296875,87073071653
160.284530639648,281.660980224609,0.296875,87073071798
160.863739013672,287.242492675781,0.298828125,87073078196
161.28498840332,293.561187744141,0.2998046875,87073086710
161.706237792969,300.933013916016,0.2998046875,87073093116
162.022171020508,308.515472412109,0.2978515625,87073101219
162.127487182617,316.887756347656,0.296875,87073108303
162.285446166992,324.996765136719,0.298828125,87073116685
162.285446166992,333.684997558594,0.3017578125,87073123435
162.285446166992,341.951965332031,0.3037109375,87073132911
162.127487182617,349.429107666016,0.3037109375,87073138321
162.022171020508,356.379669189453,0.306640625,87073146519
161.864196777344,362.698394775391,0.3115234375,87073153394
161.706237792969,368.016632080078,0.3125,87073161272
161.600921630859,372.703002929688,0.310546875,87073168279
161.442962646484,376.652191162109,0.2880859375,87073176403
161.28498840332,379.916870117188,0.2578125,87073183574
161.127014160156,382.4443359375,0.1787109375,87073200628
86.1976928710938,396.661437988281,0.21875,87073408509
86.7769088745117,396.503479003906,0.3017578125,87073408714
87.9353332519531,396.398132324219,0.33984375,87073408764
89.4623565673828,396.029541015625,0.3310546875,87073416281
90.4628143310547,395.766296386719,0.3359375,87073423403
92.3057708740234,395.397705078125,0.333984375,87073431634
95.2018508911133,394.871154785156,0.33203125,87073438734
98.4665145874023,394.2392578125,0.33203125,87073446613
102.731636047363,393.344116210938,0.33203125,87073453611
108.576446533203,391.975036621094,0.33203125,87073461814
115.42170715332,390.342712402344,0.3291015625,87073461953
123.688682556152,388.552429199219,0.326171875,87073468078
132.376907348633,386.393524169922,0.3251953125,87073476588
142.065582275391,384.129333496094,0.326171875,87073483628
151.438339233398,381.812469482422,0.3271484375,87073491827
160.705780029297,379.548278808594,0.330078125,87073498522
169.709930419922,377.389373779297,0.3330078125,87073506774
178.082214355469,375.230499267578,0.3388671875,87073513536
186.665130615234,373.071594238281,0.341796875,87073522020
194.194915771484,371.070678710938,0.3447265625,87073528553
201.198150634766,369.280364990234,0.3486328125,87073536911
207.622177124023,367.753356933594,0.3525390625,87073544008
213.730255126953,366.489593505859,0.3544921875,87073552895
218.837875366211,365.489135742188,0.3544921875,87073558583
223.260971069336,364.751953125,0.35546875,87073567049
226.841567993164,364.120086669922,0.35546875,87073573732
229.842956542969,363.751495361328,0.3466796875,87073582322
231.949188232422,363.330261230469,0.333984375,87073588970
233.528869628906,363.066986083984,0.24609375,87073603348
234.371368408203,362.961669921875,0.1181640625,87073611475
234.371368408203,362.698394775391,0.0478515625,87073618645
167.551040649414,389.921447753906,0.1875,87073798722
166.445266723633,390.184753417969,0.2568359375,87073798889
166.445266723633,390.448059082031,0.2890625,87073798941
166.445266723633,391.079895019531,0.283203125,87073807348
166.129333496094,391.6064453125,0.2890625,87073813812
165.866058349609,392.448974609375,0.291015625,87073822071
165.444808959961,393.607360839844,0.2958984375,87073828633
164.707626342773,395.502990722656,0.3095703125,87073837154
163.707153320313,397.661865234375,0.326171875,87073843909
162.443420410156,400.189392089844,0.3349609375,87073852517
160.705780029297,403.243408203125,0.3447265625,87073852708
158.599533081055,406.666076660156,0.357421875,87073858576
156.282684326172,410.825866699219,0.369140625,87073869116
153.333953857422,415.038330078125,0.3837890625,87073873870
150.174591064453,419.46142578125,0.388671875,87073882036
146.751968383789,424.147827148438,0.390625,87073889177
143.645263671875,428.676208496094,0.392578125,87073897006
140.64387512207,433.151977539063,0.3974609375,87073903656
137.905776977539,437.048522949219,0.400390625,87073911692
135.483596801758,440.734436035156,0.4013671875,87073920389
133.21940612793,443.893737792969,0.3955078125,87073927056
131.060501098633,446.684509277344,0.388671875,87073935111
128.95426940918,448.94873046875,0.3505859375,87073941696
126.953346252441,450.844360351563,0.30078125,87073948912
125.268363952637,452.108093261719,0.205078125,87073964000
163.707153320313,376.652191162109,0.21484375,87074099005
164.023101806641,376.757507324219,0.2978515625,87074099228
164.4443359375,377.020782470703,0.3359375,87074099279
165.550109863281,378.284515380859,0.33203125,87074106935
166.445266723633,378.916412353516,0.3427734375,87074113930
167.445724487305,379.811553955078,0.34375,87074122307
168.70947265625,380.969970703125,0.34375,87074129619
170.13117980957,382.339019775391,0.34375,87074137452
171.816162109375,384.234649658203,0.34375,87074144473
173.711776733398,386.130249023438,0.34375,87074152752
175.818008422852,388.65771484375,0.34375,87074152960
178.556121826172,391.711791992188,0.345703125,87074158990
181.662811279297,395.134399414063,0.3486328125,87074167314
184.927490234375,398.925659179688,0.3544921875,87074174093
188.508087158203,403.243408203125,0.357421875,87074182638
191.930709838867,408.035095214844,0.3603515625,87074189469
195.616622924805,412.879455566406,0.3623046875,87074197634
199.881759643555,418.039733886719,0.365234375,87074204106
204.041564941406,423.621276855469,0.3681640625,87074212682
208.306701660156,429.202758789063,0.3740234375,87074219107
212.466506958008,434.152404785156,0.376953125,87074227594
216.415710449219,438.944091796875,0.3798828125,87074234313
220.733489990234,443.525146484375,0.3798828125,87074242263
224.682678222656,447.684997558594,0.37890625,87074249406
228.105316162109,451.476196289063,0.380859375,87074257885
231.264663696289,455.056823730469,0.3837890625,87074264199
233.950119018555,458.058227539063,0.3857421875,87074272297
236.214324951172,460.638366699219,0.3857421875,87074279354
238.109924316406,462.744567871094,0.3671875,87074287590
239.636947631836,464.534851074219,0.3388671875,87074294429
309.879913330078,267.970428466797,0.0859375,87074774662
310.459136962891,267.233245849609,0.1181640625,87074774850
311.354278564453,266.864654541016,0.1328125,87074774896
312.881286621094,266.074829101563,0.1298828125,87074782484
313.776428222656,265.811553955078,0.1328125,87074789791
315.040191650391,265.337646484375,0.134765625,87074800599
316.725158691406,264.811096191406,0.1376953125,87074804715
318.620788574219,264.284515380859,0.154296875,87074812884
320.569061279297,263.652648925781,0.1787109375,87074819803
322.9912109375,262.810150146484,0.2041015625,87074829648
325.887298583984,262.020324707031,0.2314453125,87074836754
329.257263183594,261.283142089844,0.2431640625,87074843089
333.15380859375,260.493316650391,0.248046875,87074849843
337.524261474609,259.59814453125,0.25,87074858395
342.105316162109,258.755645751953,0.25390625,87074858537
347.212921142578,257.702545166016,0.259765625,87074864715
352.373199462891,256.702087402344,0.265625,87074872883
357.638793945313,255.543640136719,0.2705078125,87074879479
363.062347412109,254.174591064453,0.2744140625,87074888036
368.749206542969,253.016174316406,0.2802734375,87074894415
374.330718994141,251.910400390625,0.28515625,87074903298
379.280364990234,250.751953125,0.2919921875,87074909806
383.861419677734,249.751495361328,0.294921875,87074918494
388.126556396484,248.751037597656,0.2978515625,87074924820
391.812469482422,247.697906494141,0.2998046875,87074933573
395.129791259766,246.697448730469,0.302734375,87074940651
397.973205566406,245.696990966797,0.3056640625,87074948237
399.816162109375,244.696533203125,0.3095703125,87074955614
400.974609375,243.643432617188,0.265625,87074969949
401.237884521484,242.90625,0.162109375,87074978169
400.658660888672,242.642944335938,0.0712890625,87074984974
316.461883544922,269.866058349609,0.203125,87075179863
316.303924560547,269.392150878906,0.2802734375,87075180063
316.461883544922,269.392150878906,0.31640625,87075180113
316.883148193359,269.392150878906,0.30859375,87075188021
317.146423339844,269.392150878906,0.3125,87075195559
317.725646972656,269.497467041016,0.310546875,87075203231
318.462829589844,269.7607421875,0.306640625,87075209927
319.147338867188,270.129333496094,0.3056640625,87075218693
319.7265625,270.655883789063,0.306640625,87075224936
320.463745117188,271.551025390625,0.3076171875,87075233611
321.04296875,272.551513671875,0.3076171875,87075233789
321.727478027344,273.920562744141,0.30859375,87075239900
322.306701660156,275.447570800781,0.30859375,87075248624
322.9912109375,277.501159667969,0.30859375,87075255235
323.570434570313,279.765350341797,0.3056640625,87075263387
323.99169921875,282.556121826172,0.3046875,87075272261
324.412933349609,286.084075927734,0.3046875,87075278189
324.728881835938,289.769989013672,0.306640625,87075285094
324.886840820313,293.455902099609,0.3056640625,87075293556
324.886840820313,297.247100830078,0.3046875,87075300415
324.728881835938,301.301605224609,0.3046875,87075308208
324.412933349609,305.46142578125,0.306640625,87075315165
324.149658203125,309.515930175781,0.3076171875,87075323915
323.728393554688,313.833709716797,0.3076171875,87075330118
323.149200439453,318.362121582031,0.310546875,87075339750
322.306701660156,323.311767578125,0.3134765625,87075344745
321.464202880859,328.156127929688,0.3154296875,87075353668
320.569061279297,332.947814941406,0.318359375,87075360159
319.7265625,338.002777099609,0.3212890625,87075368678
318.884063720703,343.321014404297,0.3251953125,87075374865
318.041564941406,348.3759765625,0.3271484375,87075383709
316.883148193359,353.588928222656,0.3271484375,87075390488
315.619384765625,359.065124511719,0.328125,87075398805
314.303009033203,364.593994140625,0.330078125,87075405776
312.775970458984,369.806915283203,0.3310546875,87075413322
311.196319580078,375.125183105469,0.333984375,87075420130
309.616638183594,380.548736572266,0.3330078125,87075428359
307.931640625,386.130249023438,0.33203125,87075435352
306.351959228516,391.448486328125,0.33203125,87075443680
304.772277832031,396.398132324219,0.33203125,87075450351
303.192596435547,401.611083984375,0.33203125,87075458421
301.349639892578,406.771362304688,0.333984375,87075465301
299.664672851563,411.61572265625,0.3349609375,87075473557
297.76904296875,416.5126953125,0.337890625,87075480372
295.820770263672,421.725646972656,0.3388671875,87075488709
293.925170898438,427.30712890625,0.3388671875,87075495009
292.082214355469,432.520080566406,0.33984375,87075503841
289.975982666016,437.680358886719,0.33984375,87075510074
288.080383300781,442.893310546875,0.341796875,87075518891
286.237426757813,448.053588867188,0.3466796875,87075525046
283.973205566406,454.161682128906,0.349609375,87075534058
282.130249023438,459.7431640625,0.3505859375,87075540940
279.866058349609,465.061401367188,0.3486328125,87075548751
277.707153320313,470.484985351563,0.345703125,87075555270
275.548278808594,476.066528320313,0.3447265625,87075563681
273.442047119141,481.911315917969,0.345703125,87075570428
271.125183105469,487.703491210938,0.3466796875,87075578401
268.703002929688,493.8115234375,0.3466796875,87075585432
266.280822753906,499.761657714844,0.34765625,87075593771
263.753356933594,505.448486328125,0.349609375,87075600658
260.751953125,511.398620605469,0.3525390625,87075608551
257.750579833984,517.08544921875,0.3583984375,87075615332
254.74919128418,522.403686523438,0.36328125,87075623565
251.905776977539,527.721923828125,0.3701171875,87075630396
249.220321655273,533.198181152344,0.373046875,87075638949
246.376907348633,538.621704101563,0.3740234375,87075645390
243.638793945313,544.097900390625,0.3720703125,87075653698
240.532104492188,549.626770019531,0.37109375,87075660387
237.109466552734,555.366271972656,0.373046875,87075668686
233.686828613281,560.684509277344,0.3759765625,87075675133
230.527481079102,565.107604980469,0.3642578125,87075683618
227.842025756836,568.793518066406,0.3486328125,87075691626
224.998611450195,571.531616210938,0.248046875,87075705612
348.213409423828,355.642486572266,0.109375,87076110812
348.371368408203,355.642486572266,0.15234375,87076111050
348.792602539063,355.642486572266,0.171875,87076111116
349.793060302734,355.484527587891,0.166015625,87076119005
350.372283935547,355.221252441406,0.16796875,87076125584
351.109466552734,355.010620117188,0.173828125,87076136920
352.215240478516,354.589385986328,0.18359375,87076140396
353.794921875,354.115478515625,0.19921875,87076149297
355.795837402344,353.325622558594,0.216796875,87076155715
358.218017578125,352.588439941406,0.2333984375,87076164305
360.798156738281,351.798614501953,0.25,87076170931
363.746887207031,351.061431884766,0.26171875,87076179300
367.064208984375,350.324249267578,0.2734375,87076185991
370.592132568359,349.165832519531,0.2783203125,87076194416
374.857269287109,348.007385253906,0.2841796875,87076194584
378.859130859375,347.006927490234,0.2939453125,87076200990
382.860961914063,346.006469726563,0.2978515625,87076209428
386.862823486328,345.006011962891,0.3017578125,87076215957
390.706695556641,343.952880859375,0.3037109375,87076224310
394.708557128906,342.952423095703,0.306640625,87076230560
398.236480712891,342.057281494141,0.3076171875,87076239601
401.501159667969,340.951507568359,0.310546875,87076248289
404.397216796875,339.687774658203,0.302734375,87076254478
406.661437988281,338.529327392578,0.29296875,87076261045
408.346435546875,337.634185791016,0.2109375,87076275869
308.194915771484,413.248046875,0.1171875,87076591283
309.037414550781,413.142700195313,0.162109375,87076591460
309.774597167969,412.879455566406,0.18359375,87076591501
311.459594726563,412.352905273438,0.1796875,87076599059
312.460052490234,411.984313964844,0.185546875,87076607086
314.303009033203,411.61572265625,0.1953125,87076614547
316.303924560547,410.983825683594,0.2080078125,87076621067
318.726104736328,410.351989746094,0.2314453125,87076629459
321.464202880859,409.456787109375,0.26171875,87076636803
324.728881835938,408.456359863281,0.287109375,87076644276
328.730712890625,407.139953613281,0.3095703125,87076651294
333.15380859375,405.665588378906,0.3193359375,87076660222
337.998138427734,403.875305175781,0.3271484375,87076660462
343.263732910156,401.979675292969,0.3369140625,87076666379
349.108551025391,400.084045410156,0.3427734375,87076675976
355.058654785156,398.030456542969,0.3505859375,87076681427
361.219390869141,396.134887695313,0.35546875,87076689462
367.748718261719,394.133972167969,0.3603515625,87076695871
374.43603515625,392.238342285156,0.3642578125,87076705199
380.702087402344,390.448059082031,0.3681640625,87076711191
387.126098632813,388.65771484375,0.3720703125,87076719984
392.812927246094,387.025390625,0.3759765625,87076727119
397.973205566406,385.235107421875,0.3798828125,87076734834
402.396301269531,383.339477539063,0.3837890625,87076742422
405.924255371094,381.707153320313,0.3876953125,87076749909
408.925628662109,380.180145263672,0.3935546875,87076756396
411.189849853516,378.811096191406,0.3837890625,87076764363
413.08544921875,377.652648925781,0.3662109375,87076771526
414.191223144531,376.494232177734,0.2607421875,87076786540
325.571350097656,416.670654296875,0.171875,87077086741
325.413391113281,416.776000976563,0.23828125,87077086938
325.729339599609,417.039245605469,0.26953125,87077086994
325.887298583984,417.407836914063,0.2646484375,87077095314
325.992614746094,417.671142578125,0.271484375,87077101878
326.308532714844,417.934387207031,0.2724609375,87077110850
326.571838378906,418.460998535156,0.2724609375,87077116734
326.835113525391,419.198181152344,0.275390625,87077124701
326.993072509766,420.356567382813,0.2802734375,87077131816
327.151031494141,421.725646972656,0.283203125,87077141000
327.309020996094,423.252685546875,0.291015625,87077141136
327.309020996094,425.253601074219,0.302734375,87077146436
327.309020996094,427.675720214844,0.3125,87077154856
327.309020996094,430.571838378906,0.32421875,87077162155
327.309020996094,434.152404785156,0.3291015625,87077170594
327.309020996094,437.680358886719,0.3330078125,87077176660
327.309020996094,441.366271972656,0.3349609375,87077185191
327.309020996094,445.157531738281,0.337890625,87077191463
327.309020996094,448.94873046875,0.3388671875,87077200316
327.309020996094,453.003234863281,0.3388671875,87077206805
327.151031494141,456.952453613281,0.33984375,87077215112
326.835113525391,461.112243652344,0.341796875,87077221913
326.571838378906,465.798583984375,0.3427734375,87077230154
326.308532714844,470.748291015625,0.345703125,87077237103
325.887298583984,475.697937011719,0.3505859375,87077245360
325.413391113281,480.752868652344,0.357421875,87077252009
324.992156982422,485.702514648438,0.36328125,87077260241
324.570892333984,490.652221679688,0.3701171875,87077266863
324.149658203125,495.180603027344,0.373046875,87077274984
323.886383056641,499.498413085938,0.3759765625,87077283506
323.465118408203,503.552856445313,0.3779296875,87077290389
323.149200439453,507.344116210938,0.3779296875,87077296848
322.727935791016,511.398620605469,0.37890625,87077305394
322.464660644531,515.347778320313,0.37890625,87077311719
321.885437011719,519.139038085938,0.37890625,87077320384
321.04296875,522.772277832031,0.380859375,87077326825
320.305786132813,526.194946289063,0.3818359375,87077335440
319.463287353516,529.512268066406,0.384765625,87077343888
318.462829589844,532.776916503906,0.3876953125,87077350193
317.462341308594,535.830932617188,0.3916015625,87077357502
316.461883544922,538.621704101563,0.390625,87077365355
315.303466796875,541.517761230469,0.390625,87077372259
314.197692871094,544.308532714844,0.388671875,87077379987
313.197235107422,546.994018554688,0.38671875,87077387033
312.19677734375,549.784729003906,0.390625,87077395628
311.354278564453,552.575500488281,0.396484375,87077402249
310.459136962891,555.366271972656,0.40234375,87077410709
309.353363037109,557.893737792969,0.4072265625,87077416830
308.352874755859,560.263305664063,0.4091796875,87077425224
307.457733154297,562.316833496094,0.4091796875,87077431975
306.509918212891,564.739013671875,0.4072265625,87077441254
305.614776611328,566.845275878906,0.404296875,87077447034
304.772277832031,568.635559082031,0.4033203125,87077455140
304.087768554688,570.16259765625,0.40234375,87077461847
303.508544921875,571.321044921875,0.3994140625,87077470234
302.929321289063,572.216186523438,0.3984375,87077476610
302.508087158203,572.953369140625,0.396484375,87077485053
302.086822509766,573.585205078125,0.392578125,87077491878
301.770904541016,574.111755371094,0.3916015625,87077500219
301.507629394531,574.480346679688,0.392578125,87077507345
301.191680908203,574.74365234375,0.3935546875,87077514991
301.086364746094,574.848937988281,0.3935546875,87077522194
300.928405761719,575.112243652344,0.3916015625,87077529827
300.770446777344,575.112243652344,0.390625,87077537235
300.665130615234,575.112243652344,0.388671875,87077544926
300.665130615234,575.112243652344,0.38671875,87077552096
300.665130615234,574.848937988281,0.384765625,87077560705
300.770446777344,574.74365234375,0.3828125,87077567132
300.928405761719,574.480346679688,0.3779296875,87077575349
301.191680908203,574.111755371094,0.3740234375,87077581802
301.507629394531,573.690551757813,0.3720703125,87077590717
301.770904541016,573.216613769531,0.37109375,87077597472
302.192138671875,572.690063476563,0.37109375,87077605743
302.771362304688,571.952880859375,0.37109375,87077611958
303.3505859375,571.163024902344,0.3681640625,87077620646
304.351043701172,570.267883300781,0.365234375,87077627206
305.614776611328,569.004150390625,0.3642578125,87077635686
307.194458007813,567.371826171875,0.36328125,87077642000
309.458648681641,565.212951660156,0.3603515625,87077650180
312.302093505859,562.580139160156,0.359375,87077657342
315.619384765625,559.157531738281,0.359375,87077665607
319.042022705078,555.208312988281,0.361328125,87077672659
322.885925292969,550.258666992188,0.3603515625,87077680423
327.151031494141,545.098388671875,0.359375,87077687237
332.153350830078,538.779663085938,0.357421875,87077696860
337.102996826172,532.14501953125,0.35546875,87077702451
341.842041015625,525.984313964844,0.3505859375,87077710614
346.686370849609,519.770874023438,0.3447265625,87077716798
351.951965332031,513.399536132813,0.3173828125,87077725475
357.217559814453,506.60693359375,0.2822265625,87077732218
363.220336914063,498.603210449219,0.1953125,87077749648
441.993530273438,391.711791992188,0.1640625,87078167816
441.835571289063,392.080383300781,0.228515625,87078168002
441.730255126953,392.60693359375,0.2578125,87078168030
441.414306640625,393.975952148438,0.263671875,87078176497
441.25634765625,394.765808105469,0.2861328125,87078182591
440.993072509766,396.503479003906,0.30078125,87078190777
440.413848876953,398.451721191406,0.3154296875,87078197386
439.571350097656,400.715942382813,0.3251953125,87078208698
438.570892333984,403.243408203125,0.3359375,87078212690
437.307159423828,406.139465332031,0.3408203125,87078221434
435.727478027344,409.720092773438,0.3515625,87078221587
433.463287353516,413.616638183594,0.3642578125,87078227576
430.567199707031,417.671142578125,0.375,87078236154
427.302551269531,422.09423828125,0.384765625,87078242653
423.774597167969,426.411987304688,0.390625,87078251130
419.878051757813,430.835083007813,0.3955078125,87078258013
415.770904541016,434.889587402344,0.392578125,87078266157
411.505767822266,438.680847167969,0.3896484375,87078272765
407.082672119141,442.630004882813,0.33984375,87078283528
402.817565917969,446.421264648438,0.2724609375,87078287685
398.657745361328,449.843872070313,0.1787109375,87078302372
355.953796386719,422.515502929688,0.2578125,87078467898
356.059112548828,422.515502929688,0.3564453125,87078468076
356.901611328125,423.147338867188,0.40234375,87078468130
358.481292724609,423.515930175781,0.390625,87078475979
359.481750488281,423.621276855469,0.3916015625,87078483166
361.061431884766,423.884521484375,0.388671875,87078490985
362.746429443359,424.253112792969,0.38671875,87078497795
364.905303955078,424.779663085938,0.3837890625,87078506367
367.064208984375,425.411560058594,0.380859375,87078512451
369.328399658203,426.148742675781,0.3798828125,87078521578
371.908538818359,427.30712890625,0.380859375,87078521726
374.593994140625,428.570922851563,0.3837890625,87078527979
377.595367431641,429.93994140625,0.3828125,87078536529
380.438812255859,431.730224609375,0.3828125,87078542855
383.2822265625,433.783813476563,0.3828125,87078551141
386.125640869141,436.311340332031,0.384765625,87078557868
388.969055175781,438.838806152344,0.3837890625,87078566247
391.970428466797,441.366271972656,0.380859375,87078573098
395.235107421875,444.157043457031,0.3818359375,87078581218
398.552429199219,446.947814941406,0.3837890625,87078588152
401.817077636719,449.94921875,0.3857421875,87078596165
405.081756591797,453.161193847656,0.3857421875,87078603127
408.083129882813,456.583862304688,0.388671875,87078611389
411.084533691406,459.7431640625,0.3935546875,87078617731
414.085906982422,462.902526855469,0.400390625,87078626323
416.929321289063,466.167175292969,0.41015625,87078633079
420.036041259766,469.484497070313,0.4169921875,87078641328
423.195373535156,472.749206542969,0.4248046875,87078647928
426.19677734375,476.171813964844,0.427734375,87078656527
429.303466796875,479.489135742188,0.4306640625,87078662857
432.568115234375,482.648498535156,0.4326171875,87078671438
435.990753173828,486.071105957031,0.435546875,87078678150
439.729339599609,489.493774414063,0.4365234375,87078686439
443.257263183594,492.916381835938,0.4365234375,87078693009
446.995849609375,496.181091308594,0.4375,87078701712
450.523773193359,499.498413085938,0.4375,87078707956
453.946411132813,502.65771484375,0.4375,87078716119
457.369049072266,505.553833007813,0.439453125,87078723286
461.107635498047,508.502563476563,0.4423828125,87078731207
464.635559082031,511.661865234375,0.4482421875,87078738277
468.058197021484,514.821228027344,0.451171875,87078748636
471.638793945313,518.0859375,0.4541015625,87078753043
475.482666015625,521.508544921875,0.4580078125,87078761419
479.90576171875,524.93115234375,0.4638671875,87078768160
484.328857421875,528.511779785156,0.466796875,87078776469
489.173217773438,532.14501953125,0.4697265625,87078782769
493.859588623047,535.567687988281,0.4736328125,87078791445
498.545959472656,538.621704101563,0.4794921875,87078798118
503.232330322266,541.517761230469,0.4775390625,87078806791
507.655426025391,543.93994140625,0.47265625,87078814935
512.815734863281,546.362121582031,0.455078125,87078821280
517.344116210938,548.152404785156,0.431640625,87078828187
521.661865234375,549.258178710938,0.373046875,87078836429
525.76904296875,549.258178710938,0.30078125,87078843103
528.612487792969,548.152404785156,0.2001953125,87078857877
396.551513671875,590.277160644531,0.1171875,87079263485
396.235565185547,590.435119628906,0.162109375,87079263678
396.235565185547,590.540405273438,0.18359375,87079263723
396.235565185547,591.435546875,0.1904296875,87079271474
396.235565185547,591.698852539063,0.2099609375,87079279722
396.393524169922,592.067443847656,0.2578125,87079302091
396.551513671875,591.962097167969,0.291015625,87079308723
396.814788818359,591.804138183594,0.30859375,87079316871
397.393981933594,591.698852539063,0.3193359375,87079316936
398.236480712891,591.435546875,0.3291015625,87079323636
399.552886962891,591.066955566406,0.3349609375,87079331982
401.395843505859,590.435119628906,0.33984375,87079338609
403.660034179688,589.539978027344,0.3447265625,87079347265
406.345489501953,588.539489746094,0.3505859375,87079353550
409.346893310547,587.275756835938,0.357421875,87079362152
413.190765380859,585.748718261719,0.365234375,87079368655
417.929779052734,583.853088378906,0.37109375,87079376759
423.037414550781,581.799560546875,0.3779296875,87079383633
429.040191650391,579.166748046875,0.384765625,87079391988
435.727478027344,576.481323242188,0.39453125,87079398808
442.57275390625,573.479919433594,0.3994140625,87079407115
450.1025390625,570.425842285156,0.4013671875,87079414992
457.105773925781,567.635131835938,0.3994140625,87079421891
463.52978515625,564.949645996094,0.396484375,87079428499
469.321929931641,562.685424804688,0.392578125,87079437317
474.324249267578,560.789855957031,0.388671875,87079443752
478.589385986328,559.157531738281,0.3896484375,87079451835
481.906707763672,557.893737792969,0.3935546875,87079458663
484.434173583984,556.7353515625,0.359375,87079467244
485.855895996094,555.840209960938,0.3076171875,87079473797
486.435089111328,555.10302734375,0.208984375,87079488834
370.592132568359,648.830505371094,0.1328125,87079804089
370.1708984375,648.567199707031,0.18359375,87079804275
370.486846923828,648.409240722656,0.20703125,87079804314
370.592132568359,648.198608398438,0.2138671875,87079811848
370.750122070313,648.040649414063,0.2353515625,87079819209
370.750122070313,647.935363769531,0.2587890625,87079827766
371.013397216797,647.77734375,0.28515625,87079834024
371.434631347656,647.672058105469,0.3056640625,87079843254
372.013854980469,647.566772460938,0.326171875,87079849030
372.593078613281,647.408752441406,0.3349609375,87079857533
373.435577392578,647.1455078125,0.3466796875,87079857721
375.015228271484,646.671569824219,0.3623046875,87079863720
376.858184814453,645.881774902344,0.3759765625,87079873234
379.596313476563,645.039245605469,0.3916015625,87079878760
382.703002929688,644.144104003906,0.3984375,87079887497
386.441558837891,642.88037109375,0.4033203125,87079896448
390.969970703125,641.195373535156,0.4052734375,87079902575
396.130249023438,639.194458007813,0.408203125,87079909092
401.659118652344,637.035583496094,0.4072265625,87079917586
407.925170898438,634.508056640625,0.404296875,87079924079
414.612457275391,631.980590820313,0.4033203125,87079932237
421.615692138672,629.189819335938,0.40234375,87079939250
429.040191650391,626.50439453125,0.40234375,87079949816
436.412017822266,623.976928710938,0.404296875,87079953900
443.257263183594,621.186157226563,0.4052734375,87079962738
449.944580078125,618.553344726563,0.4052734375,87079969102
455.947357177734,616.131164550781,0.408203125,87079977095
461.107635498047,613.867004394531,0.4130859375,87079984200
465.636016845703,611.813415527344,0.41796875,87079992546
469.479919433594,609.8125,0.4228515625,87079999552
472.639251708984,608.180114746094,0.4140625,87080007634
475.061431884766,606.653137207031,0.4013671875,87080016539
476.904388427734,605.389404296875,0.3681640625,87080022492
478.062805175781,604.336242675781,0.330078125,87080029688
478.484069824219,603.493774414063,0.2685546875,87080044674
478.168121337891,602.440673828125,0.158203125,87080052385
477.325622558594,601.440185546875,0.068359375,87080059189
440.835113525391,583.484497070313,0.2734375,87080194446
440.729797363281,583.484497070313,0.3779296875,87080194688
440.993072509766,583.58984375,0.42578125,87080194733
441.414306640625,583.853088378906,0.41796875,87080202242
441.730255126953,584.116394042969,0.42578125,87080209769
441.993530273438,584.590270996094,0.427734375,87080217535
442.256805419922,585.590759277344,0.4306640625,87080224137
442.57275390625,587.117797851563,0.4326171875,87080232671
442.678070068359,589.434631347656,0.435546875,87080239480
442.993988037109,592.593994140625,0.4365234375,87080247566
443.151977539063,596.385192871094,0.4365234375,87080247707
443.415252685547,600.913635253906,0.4375,87080254403
443.573211669922,605.494689941406,0.439453125,87080262557
443.678527832031,610.549682617188,0.4423828125,87080269555
443.678527832031,615.762573242188,0.4443359375,87080278190
443.678527832031,621.080810546875,0.447265625,87080284150
443.573211669922,625.872497558594,0.4326171875,87080292404
443.151977539063,630.716857910156,0.4140625,87080299397
442.57275390625,634.981994628906,0.3486328125,87080307759
441.993530273438,639.036499023438,0.26171875,87080314424
440.729797363281,643.512268066406,0.1669921875,87080329172
380.438812255859,704.013854980469,0.2109375,87080509468
380.175506591797,704.645751953125,0.291015625,87080509690
380.596771240234,704.435119628906,0.328125,87080509735
381.597229003906,704.171813964844,0.3173828125,87080517534
382.597686767578,703.908569335938,0.3193359375,87080524108
384.019409179688,703.381958007813,0.3232421875,87080532863
385.862365722656,702.750122070313,0.33203125,87080539797
388.126556396484,701.644348144531,0.34765625,87080550099
391.1279296875,700.22265625,0.365234375,87080554666
394.971832275391,698.2216796875,0.3740234375,87080563434
399.394927978516,695.536254882813,0.3798828125,87080563631
404.397216796875,692.376892089844,0.3857421875,87080569758
410.663269042969,688.585693359375,0.390625,87080578328
417.3505859375,684.004638671875,0.3974609375,87080584799
424.459136962891,679.107604980469,0.400390625,87080592768
431.883605957031,674.157958984375,0.4013671875,87080599613
439.150115966797,669.050354003906,0.3994140625,87080607759
445.995391845703,664.416625976563,0.396484375,87080614658
452.682678222656,659.940856933594,0.3955078125,87080623046
458.527496337891,656.044311523438,0.396484375,87080629790
463.52978515625,652.72705078125,0.3994140625,87080637799
467.900238037109,649.830932617188,0.4033203125,87080644717
471.638793945313,647.303466796875,0.4072265625,87080653282
474.640197753906,645.144592285156,0.4111328125,87080659665
477.062347412109,643.091003417969,0.3994140625,87080668199
478.747344970703,640.984741210938,0.3837890625,87080674536
479.747802734375,638.562561035156,0.2744140625,87080689462
479.484527587891,636.403686523438,0.1240234375,87080698157
478.589385986328,633.981506347656,0.0498046875,87080704853
502.126556396484,427.570434570313,0.11328125,87081155006
501.126098632813,427.570434570313,0.158203125,87081155224
501.126098632813,427.675720214844,0.1796875,87081155274
500.968139648438,427.675720214844,0.177734375,87081162786
500.968139648438,427.675720214844,0.1845703125,87081170266
500.968139648438,427.570434570313,0.19921875,87081178012
500.968139648438,427.412475585938,0.21875,87081185099
500.968139648438,427.201843261719,0.2392578125,87081193233
500.968139648438,426.938598632813,0.2587890625,87081200252
501.126098632813,426.67529296875,0.2724609375,87081208479
501.547332763672,426.411987304688,0.28515625,87081215195
502.284515380859,426.043395996094,0.2900390625,87081223171
503.127014160156,424.885009765625,0.2919921875,87081223380
504.390747070313,423.621276855469,0.294921875,87081229716
506.12841796875,422.252197265625,0.2958984375,87081238459
508.234649658203,420.4619140625,0.298828125,87081245922
510.656799316406,418.671569824219,0.3037109375,87081253265
513.236938476563,416.933959960938,0.3125,87081260390
516.238342285156,415.143676757813,0.3212890625,87081268795
519.345031738281,413.248046875,0.330078125,87081275124
522.925659179688,411.457763671875,0.3359375,87081283742
527.190734863281,409.825378417969,0.3427734375,87081292899
531.455871582031,408.193054199219,0.34765625,87081298372
536.194946289063,406.139465332031,0.3525390625,87081307347
541.144592285156,404.40185546875,0.3544921875,87081313291
546.41015625,402.716857910156,0.3544921875,87081320208
551.570434570313,401.189819335938,0.35546875,87081330363
556.678039550781,399.715454101563,0.357421875,87081335412
561.680358886719,398.1884765625,0.3583984375,87081343431
566.682678222656,397.135314941406,0.3583984375,87081350348
570.947814941406,396.398132324219,0.359375,87081358285
574.791687011719,396.029541015625,0.359375,87081365022
578.635559082031,395.87158203125,0.359375,87081373747
582.058227539063,396.134887695313,0.361328125,87081380405
585.322875976563,396.661437988281,0.3681640625,87081388371
588.482238769531,397.925170898438,0.37890625,87081395041
591.167663574219,399.557495117188,0.3857421875,87081403634
593.747802734375,401.189819335938,0.390625,87081410171
596.012023925781,403.243408203125,0.3974609375,87081420874
597.591674804688,405.244323730469,0.404296875,87081425263
598.434204101563,407.824462890625,0.4140625,87081433357
598.855407714844,410.825866699219,0.4248046875,87081440438
598.697448730469,414.406494140625,0.4306640625,87081448746
598.012939453125,418.039733886719,0.4326171875,87081455023
597.012451171875,421.883605957031,0.43359375,87081463857
596.012023925781,425.516845703125,0.43359375,87081470628
594.853576660156,429.466064453125,0.43359375,87081478777
593.58984375,433.257263183594,0.43359375,87081487977
592.326110839844,436.785217285156,0.4306640625,87081493437
591.167663574219,439.839233398438,0.4296875,87081500565
590.167175292969,442.524719238281,0.4140625,87081508557
589.0087890625,444.894226074219,0.39453125,87081515484
587.903015136719,446.789855957031,0.32421875,87081523498
585.902099609375,448.580139160156,0.234375,87081530633
583.7431640625,449.738586425781,0.1455078125,87081545356
460.528411865234,475.961181640625,0.1796875,87081785729
459.949188232422,475.697937011719,0.24609375,87081785933
460.370452880859,475.80322265625,0.27734375,87081785979
460.791687011719,475.17138671875,0.2724609375,87081793525
460.949645996094,475.329345703125,0.279296875,87081800571
461.212921142578,475.434631347656,0.2890625,87081809031
461.634185791016,475.17138671875,0.3037109375,87081818427
462.213409423828,475.066040039063,0.322265625,87081823937
463.055877685547,474.802795410156,0.34375,87081830718
464.372283935547,474.434204101563,0.353515625,87081839634
466.373199462891,473.907592773438,0.3603515625,87081839810
468.795379638672,473.275756835938,0.3662109375,87081845210
471.902069091797,472.643859863281,0.373046875,87081853923
475.640655517578,471.906677246094,0.380859375,87081860532
480.169067382813,470.853576660156,0.38671875,87081868947
485.434631347656,469.853088378906,0.3935546875,87081876264
491.437408447266,468.220764160156,0.396484375,87081884365
498.282684326172,466.430480957031,0.3994140625,87081890684
505.812469482422,464.166259765625,0.4033203125,87081899261
514.658630371094,461.902099609375,0.4072265625,87081908944
523.768127441406,459.585205078125,0.4091796875,87081915056
533.878051757813,457.321044921875,0.4091796875,87081920886
543.566772460938,455.162109375,0.4072265625,87081929373
553.571350097656,453.266540527344,0.40625,87081935887
562.944091796875,451.634155273438,0.40625,87081943975
571.9482421875,450.212463378906,0.408203125,87081950886
580.79443359375,448.94873046875,0.4091796875,87081959172
589.0087890625,447.842956542969,0.412109375,87081965916
597.012451171875,446.789855957031,0.4169921875,87081973990
604.700256347656,446.052673339844,0.423828125,87081980927
611.2822265625,445.420776367188,0.4248046875,87081989367
617.390319824219,444.894226074219,0.42578125,87081995624
622.813842773438,444.262329101563,0.427734375,87082004471
627.34228515625,443.788452148438,0.4326171875,87082010856
631.186157226563,443.3671875,0.435546875,87082021770
634.503479003906,443.3671875,0.4384765625,87082028633
637.030944824219,443.3671875,0.4423828125,87082034358
639.453125,443.3671875,0.4462890625,87082040712
641.190734863281,443.3671875,0.44140625,87082049259
642.349182128906,443.3671875,0.4326171875,87082056031
642.770446777344,442.893310546875,0.396484375,87082064225
642.612487792969,442.524719238281,0.3486328125,87082071181
641.769958496094,441.998168945313,0.240234375,87082088271
571.369079589844,353.588928222656,0.1875,87082371188
571.105773925781,353.483612060547,0.2568359375,87082371477
571.105773925781,353.588928222656,0.2890625,87082371535
571.211059570313,353.694213867188,0.283203125,87082378964
571.211059570313,353.694213867188,0.2890625,87082386675
571.369079589844,353.95751953125,0.294921875,87082393773
571.369079589844,354.378753662109,0.306640625,87082401248
571.369079589844,354.747344970703,0.31640625,87082409290
571.369079589844,355.642486572266,0.326171875,87082416306
571.369079589844,356.90625,0.330078125,87082424575
571.211059570313,358.380615234375,0.3359375,87082424767
571.105773925781,360.434173583984,0.341796875,87082431192
570.789855957031,362.961669921875,0.34765625,87082439599
570.368591308594,366.121002197266,0.3525390625,87082446237
569.631408691406,370.33349609375,0.3544921875,87082454830
568.68359375,375.019866943359,0.3544921875,87082461283
567.525146484375,380.443420410156,0.35546875,87082469772
566.261413574219,386.498840332031,0.35546875,87082476333
564.681762695313,392.448974609375,0.3525390625,87082485303
562.944091796875,398.662353515625,0.3515625,87082491468
561.101135253906,405.244323730469,0.3623046875,87082499363
559.416137695313,411.352416992188,0.3798828125,87082506544
557.678527832031,417.039245605469,0.392578125,87082514752
556.098815917969,422.884094238281,0.4033203125,87082521448
554.677124023438,428.570922851563,0.408203125,87082529539
553.255432128906,433.783813476563,0.4091796875,87082536447
551.833740234375,438.680847167969,0.4072265625,87082544515
550.411987304688,443.3671875,0.40625,87082551498
549.148254394531,447.579650878906,0.40625,87082559809
547.989868164063,451.370910644531,0.408203125,87082566440
546.884094238281,454.635559082031,0.4111328125,87082574688
545.883605957031,457.426330566406,0.4150390625,87082581501
544.883117675781,459.479919433594,0.388671875,87082589981
544.145935058594,461.006958007813,0.3505859375,87082596566
535.036499023438,510.661437988281,0.25,87082971541
535.036499023438,510.766723632813,0.34375,87082971734
535.299743652344,510.8720703125,0.38671875,87082971786
536.300231933594,511.293273925781,0.375,87082979526
537.037414550781,511.661865234375,0.3759765625,87082987806
537.8798828125,512.293762207031,0.37890625,87082994710
538.722412109375,513.188903808594,0.38671875,87083001582
539.722839355469,514.294677734375,0.3974609375,87083009808
540.723327636719,515.979675292969,0.4091796875,87083016879
541.723815917969,518.0859375,0.4150390625,87083024877
542.882202148438,521.03466796875,0.4208984375,87083025049
544.145935058594,524.088684082031,0.427734375,87083031615
545.409729003906,527.616638183594,0.435546875,87083039606
546.568115234375,531.407836914063,0.443359375,87083046708
547.831848144531,535.09375,0.44921875,87083057679
549.148254394531,538.990295410156,0.4541015625,87083061720
550.254028320313,542.676208496094,0.4560546875,87083069967
551.412475585938,545.835571289063,0.4560546875,87083076877
552.412902832031,548.52099609375,0.45703125,87083085361
553.150085449219,551.15380859375,0.458984375,87083095093
553.676696777344,553.312683105469,0.451171875,87083100403
554.150573730469,554.945007324219,0.439453125,87083106804
554.255859375,555.998168945313,0.412109375,87083115318
554.150573730469,556.472045898438,0.376953125,87083121940
553.834655761719,556.366760253906,0.32421875,87083129600
553.255432128906,554.945007324219,0.265625,87083136970
552.676208496094,552.154296875,0.177734375,87083152025
548.147827148438,496.707641601563,0.1953125,87083286947
546.989379882813,495.8125,0.267578125,87083287181
546.41015625,495.707153320313,0.30078125,87083287224
546.72607421875,495.549194335938,0.29296875,87083294752
546.568115234375,495.549194335938,0.296875,87083301723
546.72607421875,495.338562011719,0.302734375,87083310326
546.884094238281,494.917297363281,0.314453125,87083316843
547.305297851563,494.548706054688,0.3291015625,87083325300
547.831848144531,494.180114746094,0.3466796875,87083331911
548.569030761719,493.8115234375,0.3544921875,87083340687
549.411560058594,493.284973144531,0.3623046875,87083340851
550.570007324219,492.916381835938,0.3720703125,87083346979
551.99169921875,492.389831542969,0.3818359375,87083358083
553.834655761719,491.915954589844,0.3955078125,87083362443
555.835571289063,491.389404296875,0.404296875,87083370725
557.994445800781,490.86279296875,0.412109375,87083376992
560.258666992188,490.388916015625,0.41796875,87083385667
562.944091796875,489.862365722656,0.4228515625,87083391970
565.787536621094,489.125183105469,0.421875,87083400627
569.104858398438,488.493286132813,0.421875,87083407084
572.6328125,488.230041503906,0.421875,87083415390
576.21337890625,487.703491210938,0.421875,87083422415
580.057250976563,487.440185546875,0.421875,87083430608
583.901184082031,487.229553222656,0.423828125,87083437025
587.745056152344,487.334899902344,0.4248046875,87083445469
591.746887207031,487.440185546875,0.427734375,87083452231
595.327453613281,487.703491210938,0.4267578125,87083460187
598.592163085938,487.966735839844,0.423828125,87083467132
601.698852539063,488.335327148438,0.4228515625,87083475520
604.542236328125,488.861877441406,0.423828125,87083482340
607.122375488281,489.335815429688,0.4248046875,87083492619
609.702514648438,490.020324707031,0.427734375,87083497131
612.124694824219,490.757507324219,0.4287109375,87083505351
614.388916015625,491.757995605469,0.431640625,87083512214
616.547790527344,492.916381835938,0.4345703125,87083521133
618.548706054688,494.180114746094,0.4404296875,87083527628
620.075744628906,495.707153320313,0.4453125,87083535388
621.076232910156,497.44482421875,0.4521484375,87083542204
621.813415527344,499.498413085938,0.45703125,87083550958
621.971374511719,501.657287597656,0.4619140625,87083557182
621.813415527344,503.921447753906,0.4638671875,87083565175
621.392150878906,506.185668945313,0.4638671875,87083572812
620.654968261719,508.871154785156,0.46484375,87083580714
619.654479980469,511.50390625,0.46484375,87083587349
618.548706054688,514.45263671875,0.46484375,87083595046
617.232360839844,517.980590820313,0.466796875,87083602347
615.652648925781,521.403259277344,0.4677734375,87083610912
614.125610351563,524.93115234375,0.4677734375,87083617371
612.388000488281,528.775085449219,0.46875,87083626437
610.808288574219,532.671569824219,0.46875,87083632240
609.386596679688,536.199523925781,0.46875,87083640398
607.543640136719,539.622192382813,0.470703125,87083647221
605.858642578125,542.676208496094,0.466796875,87083655827
604.278991699219,545.361633300781,0.4638671875,87083662604
602.857299804688,547.625854492188,0.45703125,87083670851
601.435546875,549.626770019531,0.4521484375,87083677593
600.171813964844,551.311767578125,0.4453125,87083685894
598.697448730469,553.207397460938,0.4384765625,87083692248
597.591674804688,554.576416015625,0.4326171875,87083700510
596.749206542969,555.998168945313,0.4287109375,87083707122
596.012023925781,557.261901855469,0.419921875,87083715586
595.432800292969,558.36767578125,0.412109375,87083722462
594.853576660156,559.262817382813,0.3818359375,87083730187
594.432312011719,559.894714355469,0.3447265625,87083737517
523.926086425781,573.585205078125,0.16015625,87084052224
522.767639160156,573.953796386719,0.2216796875,87084052444
522.50439453125,573.848510742188,0.25,87084052495
522.346435546875,573.953796386719,0.2431640625,87084060210
522.346435546875,573.953796386719,0.24609375,87084067747
522.346435546875,573.953796386719,0.2587890625,87084076984
522.346435546875,573.953796386719,0.279296875,87084082437
522.346435546875,573.953796386719,0.2939453125,87084090883
522.346435546875,573.953796386719,0.3076171875,87084097528
522.50439453125,573.953796386719,0.3134765625,87084106133
522.767639160156,573.953796386719,0.322265625,87084106315
523.504821777344,573.848510742188,0.333984375,87084113318
524.505310058594,573.479919433594,0.34375,87084122664
525.927001953125,573.058654785156,0.353515625,87084127448
527.927917480469,572.216186523438,0.361328125,87084136977
530.876647949219,571.163024902344,0.369140625,87084142705
534.457275390625,569.794006347656,0.373046875,87084150911
538.88037109375,568.003723144531,0.3759765625,87084157503
544.4619140625,565.844787597656,0.3779296875,87084167690
550.254028320313,563.580627441406,0.3779296875,87084174272
556.414794921875,561.31640625,0.37890625,87084180753
562.944091796875,559.157531738281,0.380859375,87084189398
568.788940429688,557.472534179688,0.3818359375,87084195719
574.370422363281,556.103454589844,0.384765625,87084202520
579.214782714844,555.10302734375,0.39453125,87084212313
583.479919433594,554.313171386719,0.4072265625,87084217966
587.165832519531,553.839233398438,0.41796875,87084226175
590.009216308594,553.312683105469,0.427734375,87084232520
592.326110839844,553.049438476563,0.431640625,87084240459
594.011108398438,552.680847167969,0.4345703125,87084247741
595.327453613281,552.154296875,0.4208984375,87084255937
596.169982910156,551.680358886719,0.400390625,87084262665
596.275268554688,551.15380859375,0.2841796875,87084277723
513.816162109375,608.022155761719,0.1796875,87084593212
512.921020507813,608.548706054688,0.24609375,87084593461
512.921020507813,608.654052734375,0.27734375,87084593505
513.078979492188,608.81201171875,0.2744140625,87084600951
513.394897460938,608.917297363281,0.2841796875,87084607784
513.816162109375,609.022644042969,0.2958984375,87084616517
514.500671386719,609.180603027344,0.3115234375,87084624222
515.343200683594,609.180603027344,0.328125,87084631461
516.343627929688,609.180603027344,0.34375,87084638037
517.502075195313,609.022644042969,0.3515625,87084646438
519.081726074219,608.917297363281,0.365234375,87084646650
520.766723632813,608.81201171875,0.3818359375,87084653260
522.767639160156,608.654052734375,0.3974609375,87084661220
525.611083984375,608.548706054688,0.4140625,87084668479
528.928405761719,608.285461425781,0.42578125,87084676642
532.298400878906,607.916870117188,0.4375,87084683117
536.036926269531,607.390319824219,0.4443359375,87084691975
540.144104003906,606.916381835938,0.44921875,87084698796
544.4619140625,606.389831542969,0.4521484375,87084706578
548.832336425781,605.86328125,0.4521484375,87084713703
552.992126464844,605.231384277344,0.453125,87084721513
557.257263183594,604.86279296875,0.455078125,87084728213
561.417114257813,604.336242675781,0.4560546875,87084736699
565.524230957031,603.862365722656,0.458984375,87084743276
569.368103027344,603.335815429688,0.4599609375,87084751713
572.790771484375,602.861877441406,0.4599609375,87084758161
575.792175292969,602.440673828125,0.462890625,87084766495
578.214294433594,602.072082519531,0.4658203125,87084773323
580.320556640625,601.808776855469,0.4677734375,87084781701
582.058227539063,601.703491210938,0.470703125,87084788307
583.479919433594,601.703491210938,0.4736328125,87084796071
584.901611328125,601.440185546875,0.4619140625,87084812847
586.165344238281,601.334899902344,0.4423828125,87084818372
587.060485839844,601.071594238281,0.40234375,87084826748
587.745056152344,600.913635253906,0.35546875,87084832965
587.903015136719,600.703002929688,0.2509765625,87084848176
587.745056152344,600.176452636719,0.115234375,87084856476
587.165832519531,599.544555664063,0.046875,87084863229
512.65771484375,617.394897460938,0.203125,87085118462
512.65771484375,617.394897460938,0.2802734375,87085118640
512.921020507813,617.289611816406,0.31640625,87085118689
513.816162109375,617.394897460938,0.3193359375,87085126632
514.079467773438,617.552856445313,0.3369140625,87085133473
514.658630371094,617.763488769531,0.365234375,87085143196
515.237854003906,618.184753417969,0.3994140625,87085148522
515.817077636719,618.816650390625,0.423828125,87085156993
516.501586914063,619.922424316406,0.4462890625,87085164200
517.23876953125,621.344116210938,0.4560546875,87085172132
517.92333984375,623.23974609375,0.4658203125,87085172299
518.660522460938,625.398620605469,0.478515625,87085178670
519.345031738281,628.189392089844,0.490234375,87085187197
520.082214355469,630.980163574219,0.5029296875,87085193718
520.661437988281,633.981506347656,0.5107421875,87085202102
521.18798828125,637.404174804688,0.5185546875,87085208609
521.767211914063,641.353332519531,0.5234375,87085217203
522.1884765625,645.881774902344,0.5283203125,87085223689
522.50439453125,650.831420898438,0.5302734375,87085231616
522.50439453125,655.886352539063,0.533203125,87085238681
522.50439453125,660.57275390625,0.5341796875,87085246824
522.50439453125,664.890502929688,0.5341796875,87085253637
522.50439453125,668.049865722656,0.494140625,87085261635
522.609680175781,668.839721679688,0.3291015625,87085284369
383.018951416016,713.386596679688,0.17578125,87085598944
383.440185546875,713.018005371094,0.2421875,87085599251
384.282684326172,712.491455078125,0.2734375,87085599304
385.862365722656,711.754272460938,0.2685546875,87085606719
386.546875,711.490966796875,0.2734375,87085613781
387.442047119141,711.01708984375,0.275390625,87085622403
388.389831542969,710.227233886719,0.2802734375,87085629286
389.548278808594,709.753356933594,0.302734375,87085637170
390.81201171875,709.121459960938,0.33203125,87085643676
392.286376953125,708.489624023438,0.3466796875,87085652533
393.813385009766,707.963073730469,0.3623046875,87085652599
395.656341552734,707.436462402344,0.3779296875,87085659039
397.657287597656,706.804626464844,0.39453125,87085667088
399.97412109375,706.172729492188,0.412109375,87085673637
402.396301269531,705.540893554688,0.4248046875,87085682491
404.818481445313,704.908996582031,0.4375,87085689136
407.345947265625,704.435119628906,0.4443359375,87085697752
409.926086425781,703.908569335938,0.4521484375,87085704021
412.769500732422,703.276672363281,0.45703125,87085712406
415.612945556641,702.48681640625,0.4619140625,87085719192
418.930267333984,701.644348144531,0.4658203125,87085727696
422.194915771484,700.8544921875,0.4697265625,87085733852
425.301605224609,700.117309570313,0.4736328125,87085742426
428.618927001953,699.327453613281,0.4775390625,87085749432
432.146881103516,698.590270996094,0.4794921875,87085757147
435.885437011719,697.695129394531,0.482421875,87085764086
439.834655761719,696.694702148438,0.4833984375,87085772326
443.836486816406,695.536254882813,0.4833984375,87085779153
447.680358886719,694.272521972656,0.484375,87085787573
451.840179443359,693.0087890625,0.486328125,87085794562
455.947357177734,691.37646484375,0.4853515625,87085802509
460.370452880859,689.849426269531,0.484375,87085809182
464.635559082031,688.217102050781,0.484375,87085817803
468.900695800781,686.79541015625,0.486328125,87085823767
473.060516357422,685.531616210938,0.4853515625,87085832674
477.325622558594,684.16259765625,0.484375,87085838824
481.906707763672,682.740905761719,0.484375,87085847483
486.277130126953,681.371826171875,0.486328125,87085854218
490.858184814453,679.950134277344,0.4873046875,87085862255
495.439270019531,678.5810546875,0.4873046875,87085868942
499.967681884766,677.054016113281,0.4853515625,87085877319
504.706695556641,675.527038574219,0.484375,87085884271
509.235107421875,674,0.484375,87085892607
513.500244140625,672.630920410156,0.484375,87085900067
517.765380859375,671.103942871094,0.484375,87085907505
521.925170898438,669.576904296875,0.486328125,87085914105
526.190307617188,668.207824707031,0.4853515625,87085922842
530.0341796875,667.049438476563,0.484375,87085929168
533.772766113281,665.890991210938,0.486328125,87085937821
537.300720214844,664.890502929688,0.4912109375,87085944203
541.723815917969,663.732116699219,0.49609375,87085952565
545.988891601563,662.626342773438,0.5009765625,87085959309
550.411987304688,661.731201171875,0.5029296875,87085967138
554.255859375,660.994018554688,0.505859375,87085974091
557.836486816406,660.204162597656,0.5068359375,87085983406
561.417114257813,659.309020996094,0.5068359375,87085989514
564.945007324219,658.571838378906,0.5078125,87085997200
568.525634765625,657.676696777344,0.5078125,87086004370
572.527465820313,657.044799804688,0.5078125,87086012354
576.21337890625,656.412902832031,0.5078125,87086019572
579.899291992188,655.781066894531,0.5078125,87086027116
583.637878417969,655.149169921875,0.509765625,87086034199
587.481750488281,654.622619628906,0.5126953125,87086042255
591.588928222656,654.148742675781,0.5166015625,87086049382
595.590759277344,653.516845703125,0.515625,87086057705
599.276672363281,652.885009765625,0.513671875,87086064379
603.278503417969,652.253112792969,0.5126953125,87086072907
607.280395507813,651.463256835938,0.513671875,87086079356
611.545471191406,650.72607421875,0.5146484375,87086087973
616.126586914063,649.936279296875,0.517578125,87086094156
620.391662597656,649.304382324219,0.5185546875,87086102726
625.078063964844,648.672546386719,0.5185546875,87086110239
630.080383300781,648.198608398438,0.51953125,87086117931
635.345947265625,647.672058105469,0.521484375,87086124217
640.453552246094,647.303466796875,0.5205078125,87086132271
645.719177246094,647.040161132813,0.51953125,87086139577
651.142700195313,646.934875488281,0.51953125,87086147611
656.566284179688,646.776916503906,0.51953125,87086154643
661.41064453125,646.408325195313,0.51953125,87086162750
665.833740234375,646.039733886719,0.521484375,87086169332
669.940856933594,645.776428222656,0.5224609375,87086178317
673.942749023438,645.51318359375,0.525390625,87086184364
677.78662109375,645.249877929688,0.5244140625,87086192970
681.525146484375,644.776000976563,0.5234375,87086199320
684.631896972656,644.354736328125,0.5146484375,87086207864
687.212036132813,643.986145019531,0.50390625,87086214548
689.318237304688,643.512268066406,0.466796875,87086223128
690.89794921875,642.722412109375,0.4169921875,87086229023
691.898376464844,641.616638183594,0.318359375,87086244392
692.214294433594,639.668334960938,0.1689453125,87086253125
691.319152832031,637.298828125,0.0703125,87086259666
584.638366699219,573.479919433594,0.14453125,87086469681
584.322387695313,573.216613769531,0.2001953125,87086469855
584.480346679688,573.058654785156,0.2265625,87086469898
584.638366699219,573.058654785156,0.2392578125,87086477490
584.638366699219,573.058654785156,0.2685546875,87086484587
584.638366699219,573.058654785156,0.2939453125,87086494089
584.638366699219,573.058654785156,0.3212890625,87086500910
584.638366699219,573.058654785156,0.345703125,87086507614
584.638366699219,573.058654785156,0.3720703125,87086514636
584.74365234375,573.216613769531,0.3837890625,87086523260
584.74365234375,573.479919433594,0.4013671875,87086523466
584.638366699219,573.690551757813,0.421875,87086529829
584.480346679688,574.111755371094,0.439453125,87086537870
584.322387695313,574.74365234375,0.458984375,87086544679
584.164428710938,575.744140625,0.4716796875,87086553242
584.164428710938,577.271118164063,0.4814453125,87086559635
584.164428710938,579.272033691406,0.486328125,87086568089
584.322387695313,581.799560546875,0.4892578125,87086574743
584.638366699219,585.116882324219,0.4912109375,87086583048
585.164916992188,588.539489746094,0.494140625,87086589584
585.902099609375,592.43603515625,0.4970703125,87086598243
586.902526855469,597.01708984375,0.5009765625,87086604871
588.060974121094,602.230041503906,0.5048828125,87086614404
589.166748046875,608.548706054688,0.5087890625,87086621975
590.167175292969,615.867919921875,0.5185546875,87086628416
591.167663574219,624.240173339844,0.5341796875,87086634750
591.904846191406,633.507629394531,0.552734375,87086643263
592.326110839844,642.985656738281,0.572265625,87086649650
592.431396484375,652.358459472656,0.599609375,87086658319
592.431396484375,661.625854492188,0.6337890625,87086664890
592.431396484375,670.998596191406,0.650390625,87086672903
592.431396484375,680.21337890625,0.66015625,87086680478
592.326110839844,689.744140625,0.6650390625,87086688475
592.326110839844,699.22216796875,0.6708984375,87086694896
592.326110839844,709.490051269531,0.67578125,87086703518
592.431396484375,719.336730957031,0.6806640625,87086709846
592.747314453125,729.604614257813,0.6826171875,87086718361
593.168579101563,738.977355957031,0.685546875,87086724987
593.58984375,747.876220703125,0.677734375,87086733112
593.853088378906,755.195373535156,0.666015625,87086739909
594.169067382813,761.040161132813,0.6279296875,87086748090
594.327026367188,765.463256835938,0.5771484375,87086755093
594.327026367188,768.622619628906,0.4736328125,87086763040
594.011108398438,770.518249511719,0.3466796875,87086769605
593.431884765625,770.412902832031,0.216796875,87086785452
