84.6180114746094,284.8203125,0.11328125,5348054189
84.354736328125,285.083587646484,0.15625,5348054408
84.354736328125,285.188903808594,0.17578125,5348054456
84.1967697143555,285.452178955078,0.1748046875,5348062444
84.1967697143555,285.715484619141,0.1806640625,5348069845
84.1967697143555,286.084075927734,0.1826171875,5348077679
84.1967697143555,286.452667236328,0.1826171875,5348084601
84.1967697143555,287.084533691406,0.1806640625,5348092700
84.0914535522461,287.979675292969,0.177734375,5348099897
84.0914535522461,288.874816894531,0.1787109375,5348107992
83.9334869384766,290.507171630859,0.1826171875,5348115182
83.775520324707,292.0341796875,0.185546875,5348122780
83.6175537109375,293.929779052734,0.1865234375,5348129929
83.5122375488281,296.246643066406,0.1845703125,5348137912
83.3542709350586,298.879455566406,0.18359375,5348144873
83.1963043212891,302.038787841797,0.18359375,5348152631
83.0909957885742,305.830017089844,0.185546875,5348159719
82.9330291748047,310.147796630859,0.1884765625,5348168156
82.6170883178711,315.097473144531,0.1923828125,5348174688
82.3538131713867,320.521026611328,0.19140625,5348183051
82.0905303955078,326.260498046875,0.19140625,5348189917
81.7745971679688,332.421234130859,0.19140625,5348198041
81.1953811645508,339.003234863281,0.193359375,5348205118
80.7741317749023,345.743194580078,0.1943359375,5348213182
80.3528900146484,352.588439941406,0.1943359375,5348220234
80.0896072387695,359.696990966797,0.197265625,5348228181
79.7736740112305,366.489593505859,0.2001953125,5348235085
79.6683578491211,373.229553222656,0.2021484375,5348243128
79.5103912353516,379.916870117188,0.2021484375,5348252739
79.352424621582,386.130249023438,0.203125,5348257648
79.2471160888672,391.817077636719,0.203125,5348265113
79.0891418457031,397.030029296875,0.203125,5348273317
78.7732086181641,402.0849609375,0.2001953125,5348273501
78.7732086181641,406.929321289063,0.19921875,5348280335
78.5099334716797,411.194458007813,0.1904296875,5348289099
78.5099334716797,415.143676757813,0.177734375,5348294954
78.5099334716797,418.671569824219,0.1259765625,5348310191
92.2004623413086,275.816162109375,0.1171875,5348925342
92.2004623413086,276.079437255859,0.162109375,5348925562
92.3057708740234,276.606018066406,0.18359375,5348925614
92.3057708740234,276.869293212891,0.1796875,5348933102
92.3057708740234,276.869293212891,0.185546875,5348940433
92.3057708740234,277.079895019531,0.1865234375,5348949045
92.3057708740234,277.343200683594,0.189453125,5348955461
92.3057708740234,277.606475830078,0.1923828125,5348963534
92.2004623413086,277.975067138672,0.1962890625,5348970719
92.0424957275391,278.238342285156,0.1982421875,5348979078
91.8845291137695,278.501617431641,0.201171875,5348987068
91.7792129516602,278.60693359375,0.2001953125,5348993539
91.6212463378906,278.764892578125,0.19921875,5349000565
91.4632797241211,278.870208740234,0.19921875,5349008976
91.3579711914063,279.133483886719,0.19921875,5349009157
91.1999969482422,279.238800048828,0.201171875,5349015726
91.0420303344727,279.396759033203,0.2060546875,5349023669
91.0420303344727,279.502075195313,0.21484375,5349030900
91.0420303344727,279.607391357422,0.2197265625,5349038699
91.0420303344727,279.607391357422,0.2216796875,5349045683
91.3579711914063,279.870666503906,0.2197265625,5349055852
91.8845291137695,280.028625488281,0.21875,5349060602
92.7796783447266,280.502532958984,0.21875,5349068982
93.8854522705078,280.871124267578,0.21875,5349075439
95.4651260375977,281.292388916016,0.21875,5349084203
97.4660491943359,281.5556640625,0.21875,5349090376
99.3090057373047,281.766296386719,0.21875,5349099161
101.151962280273,282.029571533203,0.21875,5349105662
102.889610290527,282.292846679688,0.21875,5349113820
104.416625976563,282.661437988281,0.21875,5349122565
105.996307373047,283.030029296875,0.21875,5349128892
107.312698364258,283.451263427734,0.220703125,5349135908
108.418472290039,283.661895751953,0.2236328125,5349143482
109.260971069336,284.083129882813,0.2275390625,5349150906
109.840187072754,284.451721191406,0.2294921875,5349158445
110.156120300293,284.925628662109,0.232421875,5349165814
109.998153686523,285.715484619141,0.2392578125,5349173805
109.734870910645,286.610626220703,0.25,5349181070
109.155654907227,287.611083984375,0.2568359375,5349188765
108.313163757324,288.769500732422,0.26171875,5349195819
107.312698364258,290.138580322266,0.2685546875,5349203474
105.575057983398,291.560272216797,0.27734375,5349210925
103.890068054199,292.929321289063,0.2861328125,5349218973
102.310394287109,294.193084716797,0.294921875,5349225503
100.730712890625,295.456817626953,0.298828125,5349234264
99.1510391235352,296.720550537109,0.3017578125,5349240565
97.7293319702148,297.878997802734,0.3056640625,5349249050
96.6235580444336,299.142730712891,0.3095703125,5349255601
95.6230926513672,300.511779785156,0.30859375,5349264022
94.7279434204102,301.775512695313,0.306640625,5349270587
94.2013854980469,302.933959960938,0.302734375,5349279111
93.7801361083984,304.092376708984,0.298828125,5349286204
93.4642028808594,305.198150634766,0.2978515625,5349293819
93.4642028808594,306.356567382813,0.296875,5349300923
93.7801361083984,307.515014648438,0.2939453125,5349308917
94.3066940307617,308.620788574219,0.29296875,5349316020
95.2018508911133,309.621246337891,0.29296875,5349324179
96.4655914306641,310.674377441406,0.294921875,5349330899
98.0452651977539,311.780151367188,0.291015625,5349339335
99.7302551269531,312.67529296875,0.2880859375,5349346049
101.467895507813,313.675750732422,0.2880859375,5349353931
103.152885437012,314.570892333984,0.2900390625,5349360756
104.732566833496,315.466064453125,0.2919921875,5349369446
106.312240600586,316.466522216797,0.294921875,5349375967
107.733947753906,317.361663818359,0.2939453125,5349384168
108.839721679688,318.520080566406,0.29296875,5349390549
109.734870910645,319.520568847656,0.294921875,5349399982
110.577369689941,320.784301757813,0.2978515625,5349405934
111.156585693359,322.048034667969,0.2998046875,5349414198
111.577827453613,323.469757080078,0.2998046875,5349420552
111.841110229492,324.838806152344,0.302734375,5349429073
111.999076843262,326.365814208984,0.3076171875,5349436068
111.841110229492,327.892852783203,0.310546875,5349444453
111.577827453613,329.419860839844,0.3115234375,5349451696
111.156585693359,331.315460205078,0.3095703125,5349459096
110.577369689941,332.947814941406,0.30859375,5349465693
109.576904296875,334.843414306641,0.30859375,5349473801
108.576446533203,336.633728027344,0.30859375,5349481075
106.996765136719,338.371368408203,0.30859375,5349489142
105.15380859375,340.424957275391,0.30859375,5349495871
102.994918823242,342.425872802734,0.30859375,5349503876
100.572746276855,344.584747314453,0.310546875,5349511082
98.4665145874023,346.74365234375,0.3095703125,5349519193
96.0443420410156,348.902526855469,0.30859375,5349525924
93.6221694946289,351.166748046875,0.30859375,5349534755
91.3579711914063,353.325622558594,0.30859375,5349541319
89.1990737915039,355.484527587891,0.294921875,5349549542
87.3561172485352,357.116851806641,0.2783203125,5349556029
86.0397262573242,358.275299072266,0.197265625,5349570863
130.112701416016,279.765350341797,0.1640625,5350051731
130.218017578125,278.975524902344,0.2255859375,5350051955
130.3759765625,278.501617431641,0.25390625,5350052001
130.639266967773,277.606475830078,0.2666015625,5350059688
130.955200195313,277.237884521484,0.2958984375,5350066067
131.376449584961,276.869293212891,0.310546875,5350074651
131.79768371582,276.079437255859,0.322265625,5350081448
132.218933105469,275.078979492188,0.326171875,5350089601
132.640182495117,274.289154052734,0.3291015625,5350096799
133.061431884766,273.551971435547,0.3310546875,5350104944
133.377365112305,272.920104980469,0.3291015625,5350105151
133.640640258789,272.393524169922,0.326171875,5350111564
133.956588745117,272.024932861328,0.3251953125,5350119966
134.219863891602,271.761657714844,0.326171875,5350126376
134.483139038086,271.656341552734,0.3330078125,5350134999
134.957046508789,271.656341552734,0.345703125,5350141779
135.483596801758,271.656341552734,0.35546875,5350149856
136.220779418945,271.761657714844,0.365234375,5350156720
137.221252441406,271.919616699219,0.369140625,5350165084
138.484985351563,272.182922363281,0.3720703125,5350171519
140.327941894531,272.182922363281,0.3740234375,5350179864
142.486831665039,272.024932861328,0.376953125,5350186612
145.066970825195,271.656341552734,0.3759765625,5350194894
147.752426147461,271.024475097656,0.375,5350201724
150.911773681641,270.129333496094,0.375,5350210194
154.439727783203,268.970886230469,0.376953125,5350216761
158.283599853516,267.707153320313,0.369140625,5350224535
162.022171020508,266.443420410156,0.359375,5350231664
165.550109863281,265.337646484375,0.3349609375,5350240083
168.867431640625,264.073913574219,0.3046875,5350246758
171.974136352539,262.915466308594,0.26171875,5350254943
174.975524902344,262.020324707031,0.2138671875,5350262545
177.818939208984,261.388458251953,0.142578125,5350276728
128.638336181641,305.356109619141,0.2109375,5350607375
128.111785888672,305.356109619141,0.291015625,5350607607
127.953811645508,305.356109619141,0.328125,5350607661
127.953811645508,305.46142578125,0.326171875,5350614759
127.953811645508,305.46142578125,0.337890625,5350621726
127.953811645508,305.46142578125,0.3388671875,5350629956
128.111785888672,305.724700927734,0.33984375,5350636885
128.217086791992,306.093292236328,0.33984375,5350645095
128.375061035156,306.619873046875,0.33984375,5350651912
128.638336181641,307.357055664063,0.33984375,5350660169
128.95426940918,308.357513427734,0.33984375,5350660317
129.217544555664,309.515930175781,0.33984375,5350667120
129.533493041992,311.04296875,0.3369140625,5350674775
129.796768188477,312.833251953125,0.3359375,5350682226
130.112701416016,314.465576171875,0.337890625,5350690180
130.3759765625,316.255889892578,0.3408203125,5350696717
130.639266967773,318.151489257813,0.33984375,5350705027
130.797225952148,320.047119140625,0.337890625,5350712312
131.218475341797,321.942718505859,0.3369140625,5350720404
131.639724731445,323.943634033203,0.337890625,5350727933
132.060974121094,325.997222900391,0.3369140625,5350735212
132.640182495117,328.261444091797,0.3359375,5350741859
133.21940612793,330.68359375,0.3271484375,5350750387
133.798614501953,332.842498779297,0.31640625,5350756986
134.483139038086,335.001373291016,0.2451171875,5350772077
135.220321655273,336.739044189453,0.1279296875,5350780377
136.06282043457,338.371368408203,0.0537109375,5350787094
134.377822875977,295.720092773438,0.24609375,5350997049
133.061431884766,297.089141845703,0.33984375,5350997201
132.956115722656,297.352416992188,0.3828125,5350997239
132.798156738281,297.721008300781,0.373046875,5351005421
132.798156738281,297.721008300781,0.37890625,5351012179
132.798156738281,297.721008300781,0.376953125,5351020587
133.061431884766,297.878997802734,0.375,5351027270
133.377365112305,297.721008300781,0.373046875,5351035768
133.798614501953,297.615692138672,0.369140625,5351042386
134.377822875977,296.983825683594,0.3681640625,5351051010
135.062362670898,295.983367919922,0.3564453125,5351051150
136.06282043457,294.930267333984,0.3427734375,5351057501
137.221252441406,293.66650390625,0.333984375,5351065772
138.484985351563,292.402770996094,0.3271484375,5351072230
140.327941894531,291.139038085938,0.3251953125,5351080722
142.223556518555,289.875274658203,0.326171875,5351087073
144.066513061523,288.769500732422,0.3271484375,5351095754
145.909469604492,287.874359130859,0.330078125,5351102423
148.173675537109,287.084533691406,0.3310546875,5351111726
150.490524291992,286.347351074219,0.333984375,5351117772
153.018020629883,285.452178955078,0.3369140625,5351126545
156.019393920898,284.557037353516,0.3408203125,5351132357
159.020782470703,284.083129882813,0.33984375,5351140885
162.127487182617,283.451263427734,0.33984375,5351147369
165.286834716797,282.924713134766,0.33984375,5351155783
168.130249023438,282.556121826172,0.341796875,5351162071
170.710388183594,282.819396972656,0.3427734375,5351170533
173.237869262695,283.030029296875,0.3427734375,5351178562
175.660049438477,283.451263427734,0.3408203125,5351186154
177.976898193359,284.083129882813,0.33984375,5351193723
179.977828979492,285.083587646484,0.341796875,5351200966
182.242034912109,286.347351074219,0.3447265625,5351207475
183.927017211914,287.716400146484,0.3486328125,5351216020
185.664657592773,289.243408203125,0.3525390625,5351222411
186.928405761719,291.139038085938,0.3544921875,5351230811
187.928863525391,292.929321289063,0.357421875,5351237164
188.771362304688,294.824951171875,0.3603515625,5351245993
189.508544921875,296.720550537109,0.3662109375,5351252757
190.087753295898,298.616180419922,0.37109375,5351261140
190.509002685547,300.669738769531,0.3759765625,5351267546
190.77229309082,302.828643798828,0.3779296875,5351275530
191.088226318359,304.934875488281,0.3779296875,5351282614
191.19352722168,307.251739501953,0.380859375,5351290331
191.19352722168,309.621246337891,0.3837890625,5351297238
191.088226318359,312.043426513672,0.380859375,5351305659
190.666976928711,314.3076171875,0.3779296875,5351312642
189.771820068359,316.624481201172,0.3564453125,5351320861
188.929336547852,318.783386230469,0.3291015625,5351327553
188.086837768555,320.678985595703,0.298828125,5351335716
187.086380004883,322.416625976563,0.267578125,5351342472
186.085906982422,323.943634033203,0.21484375,5351357183
184.927490234375,325.207397460938,0.1240234375,5351365759
183.927017211914,326.260498046875,0.0537109375,5351372680
135.641571044922,325.733947753906,0.13671875,5351613758
134.483139038086,326.734405517578,0.1875,5351613949
134.219863891602,326.892364501953,0.2109375,5351614011
133.640640258789,326.892364501953,0.208984375,5351620519
133.482681274414,326.892364501953,0.2177734375,5351627276
133.061431884766,326.471130371094,0.22265625,5351650983
132.798156738281,325.839263916016,0.2294921875,5351659447
132.640182495117,325.365356445313,0.232421875,5351665925
132.640182495117,324.733489990234,0.2333984375,5351665994
132.798156738281,324.206939697266,0.236328125,5351672391
133.061431884766,323.680358886719,0.2431640625,5351680950
133.482681274414,323.311767578125,0.25390625,5351687459
134.061889648438,323.048492431641,0.2626953125,5351696080
134.957046508789,322.837860107422,0.271484375,5351702865
136.06282043457,322.574584960938,0.275390625,5351710908
137.379211425781,322.416625976563,0.2783203125,5351717961
139.327484130859,322.205993652344,0.2783203125,5351728060
141.486373901367,321.942718505859,0.27734375,5351732839
143.750579833984,321.416168212891,0.27734375,5351741377
146.488677978516,320.784301757813,0.279296875,5351748066
149.49006652832,319.625854492188,0.2802734375,5351756252
152.596771240234,318.362121582031,0.283203125,5351762635
156.282684326172,316.993072509766,0.275390625,5351770953
160.021240234375,315.466064453125,0.265625,5351777967
163.707153320313,313.939025878906,0.2451171875,5351786248
167.129791259766,312.569976806641,0.220703125,5351794891
170.289138793945,311.148254394531,0.1884765625,5351808252
173.237869262695,310.04248046875,0.1171875,5351816270
175.975982666016,309.147338867188,0.0517578125,5351822678
132.218933105469,344.742736816406,0.1875,5352048688
132.640182495117,344.479431152344,0.2568359375,5352048894
132.798156738281,344.374145507813,0.2890625,5352048944
133.640640258789,343.952880859375,0.28125,5352055949
134.219863891602,343.847564697266,0.283203125,5352063286
135.062362670898,343.689605712891,0.2822265625,5352070792
136.378753662109,343.478973388672,0.283203125,5352078135
138.484985351563,342.952423095703,0.2822265625,5352086341
140.74919128418,342.425872802734,0.279296875,5352092889
143.171356201172,341.688690185547,0.2783203125,5352101889
146.067443847656,341.056823730469,0.27734375,5352102027
148.910858154297,339.793060302734,0.279296875,5352107964
151.912246704102,338.529327392578,0.2783203125,5352116535
155.176910400391,337.107635498047,0.27734375,5352123234
158.704849243164,335.633270263672,0.279296875,5352131664
162.285446166992,334.106231689453,0.2822265625,5352138209
165.866058349609,332.579223632813,0.28125,5352146096
169.130722045898,331.315460205078,0.28125,5352153278
172.395385742188,329.893768310547,0.28125,5352161484
175.818008422852,328.787994384766,0.283203125,5352168385
179.398620605469,327.73486328125,0.2578125,5352176233
182.505310058594,326.734405517578,0.2216796875,5352183451
185.348724365234,325.839263916016,0.1513671875,5352197991
156.861892700195,258.334411621094,0.1796875,5352453588
156.177368164063,258.966278076172,0.2490234375,5352453789
156.019393920898,259.229553222656,0.28125,5352453838
156.019393920898,260.124725341797,0.2861328125,5352461617
156.019393920898,260.651275634766,0.3076171875,5352468110
156.019393920898,261.125183105469,0.3173828125,5352477024
156.019393920898,261.651733398438,0.326171875,5352483600
156.177368164063,262.178283691406,0.328125,5352491735
156.282684326172,262.915466308594,0.328125,5352498704
156.440643310547,263.915924072266,0.328125,5352507276
156.756576538086,265.1796875,0.3251953125,5352507423
157.019866943359,266.969970703125,0.32421875,5352513727
157.441101074219,269.392150878906,0.32421875,5352521952
157.862350463867,271.761657714844,0.326171875,5352530909
158.283599853516,274.815704345703,0.3251953125,5352536721
158.704849243164,278.501617431641,0.32421875,5352544127
159.178756713867,282.924713134766,0.32421875,5352552305
159.600006103516,288.137634277344,0.326171875,5352558564
159.86328125,293.824493408203,0.3251953125,5352567164
160.021240234375,300.037872314453,0.32421875,5352573871
160.021240234375,306.619873046875,0.32421875,5352582108
160.021240234375,313.939025878906,0.32421875,5352588564
159.86328125,321.152893066406,0.32421875,5352597439
159.705307006836,328.630035400391,0.326171875,5352603390
159.600006103516,336.370452880859,0.3291015625,5352612244
159.600006103516,343.689605712891,0.3349609375,5352619057
159.600006103516,350.692840576172,0.337890625,5352626999
159.705307006836,357.538116455078,0.3408203125,5352633580
160.179214477539,363.751495361328,0.3427734375,5352641809
160.705780029297,369.438323974609,0.3427734375,5352648855
161.28498840332,374.598602294922,0.3408203125,5352656799
162.022171020508,379.548278808594,0.33984375,5352664154
162.706695556641,383.866058349609,0.3115234375,5352671774
163.707153320313,387.920562744141,0.2705078125,5352679209
164.4443359375,391.343200683594,0.1904296875,5352693699
165.444808959961,394.133972167969,0.0888671875,5352701931
166.129333496094,396.503479003906,0.0361328125,5352708563
161.600921630859,357.906707763672,0.171875,5352979036
161.127014160156,357.906707763672,0.23828125,5352979260
161.127014160156,357.906707763672,0.26953125,5352979342
161.021713256836,357.274841308594,0.2705078125,5352986559
161.021713256836,357.116851806641,0.28515625,5352994920
160.863739013672,357.011535644531,0.2900390625,5353001993
160.705780029297,356.90625,0.2939453125,5353009034
160.600463867188,356.748260498047,0.2939453125,5353017396
160.284530639648,356.642944335938,0.29296875,5353023655
160.021240234375,356.642944335938,0.29296875,5353032179
159.600006103516,356.90625,0.2900390625,5353032349
159.020782470703,357.538116455078,0.287109375,5353038982
158.44157409668,358.169982910156,0.2919921875,5353047248
157.757049560547,359.065124511719,0.30078125,5353053889
156.756576538086,360.1708984375,0.318359375,5353064436
155.756118774414,361.434631347656,0.341796875,5353068762
154.597686767578,363.066986083984,0.365234375,5353077219
153.439254760742,364.857269287109,0.3916015625,5353084170
152.175521850586,366.910858154297,0.4091796875,5353092366
150.595840454102,369.175048828125,0.423828125,5353098953
148.752883911133,371.807861328125,0.427734375,5353107048
146.751968383789,374.388000488281,0.4296875,5353114191
144.751037597656,376.915466308594,0.4296875,5353122184
142.750122070313,379.916870117188,0.4296875,5353129155
140.64387512207,382.707611083984,0.4208984375,5353137057
138.484985351563,385.656341552734,0.41015625,5353143650
136.378753662109,388.552429199219,0.392578125,5353152446
134.219863891602,391.6064453125,0.373046875,5353159353
132.376907348633,394.2392578125,0.3486328125,5353166930
130.797225952148,396.503479003906,0.3251953125,5353174199
129.533493041992,398.451721191406,0.2646484375,5353189275
128.533020019531,399.926086425781,0.1533203125,5353198505
128.111785888672,400.557983398438,0.06640625,5353204048
169.393997192383,353.062347412109,0.32421875,5353385039
168.288223266602,355.484527587891,0.447265625,5353385250
168.393539428711,356.116394042969,0.50390625,5353385301
168.393539428711,357.011535644531,0.490234375,5353392205
168.551498413086,357.538116455078,0.4951171875,5353398834
168.70947265625,358.012023925781,0.4697265625,5353407222
168.972747802734,358.380615234375,0.4365234375,5353414436
169.288681030273,358.801849365234,0.376953125,5353422688
169.551956176758,359.065124511719,0.30859375,5353429598
169.973205566406,359.170440673828,0.2763671875,5353437782
170.552429199219,359.275756835938,0.25,5353437922
171.131637573242,359.433715820313,0.2333984375,5353444433
171.816162109375,359.696990966797,0.228515625,5353452664
172.553344726563,360.1708984375,0.228515625,5353459527
173.711776733398,360.697448730469,0.2353515625,5353467164
174.81755065918,361.329315185547,0.24609375,5353474474
176.397232055664,361.961212158203,0.263671875,5353482125
178.082214355469,362.593078613281,0.2841796875,5353489150
180.241104125977,363.330261230469,0.296875,5353497629
182.821243286133,363.962127685547,0.306640625,5353504330
185.664657592773,364.751953125,0.310546875,5353512716
188.508087158203,365.015228271484,0.3115234375,5353519600
191.351501464844,365.120544433594,0.3056640625,5353527635
194.510848999023,365.120544433594,0.298828125,5353534308
198.460052490234,365.015228271484,0.21484375,5353549392
249.483596801758,270.866516113281,0.09375,5354390133
249.641571044922,270.866516113281,0.1279296875,5354390286
250.06282043457,270.866516113281,0.14453125,5354390316
250.905319213867,270.655883789063,0.154296875,5354398094
251.905776977539,270.655883789063,0.17578125,5354405452
253.064208984375,270.497924804688,0.1962890625,5354413579
254.485916137695,270.129333496094,0.2158203125,5354419803
256.328857421875,269.602783203125,0.2275390625,5354428989
258.329803466797,268.970886230469,0.236328125,5354435230
260.751953125,268.233703613281,0.244140625,5354443595
263.595367431641,267.233245849609,0.251953125,5354450443
266.860046386719,266.180145263672,0.255859375,5354458682
270.177368164063,265.337646484375,0.2568359375,5354458818
273.442047119141,264.442504882813,0.2578125,5354465345
276.548736572266,263.652648925781,0.2578125,5354473748
279.550109863281,263.178741455078,0.259765625,5354480380
282.551513671875,262.810150146484,0.2587890625,5354488315
285.394927978516,262.652191162109,0.255859375,5354495393
288.080383300781,262.652191162109,0.2568359375,5354503612
290.660522460938,262.915466308594,0.2607421875,5354510319
292.924713134766,263.547332763672,0.267578125,5354518983
294.8203125,264.705780029297,0.275390625,5354525284
296.505310058594,265.969512939453,0.28515625,5354535442
297.76904296875,267.970428466797,0.2958984375,5354540815
298.927490234375,269.602783203125,0.3056640625,5354548891
299.664672851563,271.656341552734,0.314453125,5354555274
299.927947998047,273.657287597656,0.3203125,5354563873
300.085906982422,275.97412109375,0.3271484375,5354570190
299.927947998047,278.133026123047,0.333984375,5354579037
299.348724365234,280.397216796875,0.341796875,5354585430
298.348266601563,282.661437988281,0.34765625,5354593917
297.505767822266,284.714996337891,0.3525390625,5354600431
296.663269042969,286.715942382813,0.3583984375,5354608377
295.820770263672,288.769500732422,0.3671875,5354615456
294.925628662109,290.770446777344,0.3740234375,5354624119
294.241119384766,292.297454833984,0.37890625,5354630673
293.661895751953,293.66650390625,0.3818359375,5354638794
293.082672119141,294.930267333984,0.384765625,5354645660
292.661437988281,296.088684082031,0.3857421875,5354653661
292.398162841797,297.089141845703,0.3857421875,5354660619
292.240173339844,297.984283447266,0.3837890625,5354668412
292.082214355469,298.879455566406,0.380859375,5354675337
292.082214355469,299.879913330078,0.376953125,5354683933
292.398162841797,301.038330078125,0.3759765625,5354690231
292.819396972656,302.038787841797,0.373046875,5354699014
293.503936767578,303.039276123047,0.37109375,5354705442
294.8203125,304.092376708984,0.37109375,5354714089
296.347351074219,305.198150634766,0.37109375,5354720281
298.084991455078,306.356567382813,0.375,5354729169
300.507171630859,307.357055664063,0.380859375,5354735620
303.087310791016,308.357513427734,0.388671875,5354743829
306.036041259766,309.252655029297,0.396484375,5354750578
309.616638183594,310.305786132813,0.3955078125,5354759055
313.197235107422,311.306243896484,0.3935546875,5354765623
316.725158691406,312.67529296875,0.3955078125,5354774127
320.147796630859,314.096984863281,0.4013671875,5354780610
323.465118408203,315.6240234375,0.4013671875,5354789040
326.413848876953,317.098388671875,0.40234375,5354795697
329.151977539063,318.993988037109,0.404296875,5354803870
331.416168212891,320.942260742188,0.4072265625,5354810632
333.417083740234,323.048492431641,0.4091796875,5354819099
334.838806152344,325.470672607422,0.412109375,5354825637
335.839263916016,328.366729736328,0.4189453125,5354834145
336.681762695313,331.315460205078,0.431640625,5354840775
336.997680664063,334.316864013672,0.443359375,5354849300
336.997680664063,337.370910644531,0.4560546875,5354855550
336.681762695313,340.424957275391,0.4638671875,5354864167
335.997222900391,343.478973388672,0.4716796875,5354873149
335.260040283203,346.375061035156,0.474609375,5354879036
334.417541503906,349.534423828125,0.4775390625,5354885495
333.417083740234,352.325164794922,0.4794921875,5354894160
332.258666992188,355.010620117188,0.4794921875,5354900810
330.994934082031,357.538116455078,0.48046875,5354908740
329.573211669922,360.065582275391,0.48046875,5354915763
327.993530273438,362.224487304688,0.4775390625,5354924029
326.150573730469,364.120086669922,0.4765625,5354930826
323.99169921875,365.857727050781,0.4677734375,5354938980
321.569519042969,367.384765625,0.45703125,5354945815
319.042022705078,368.543182373047,0.4365234375,5354954138
316.198608398438,369.280364990234,0.4150390625,5354960781
313.460510253906,369.701629638672,0.3828125,5354969160
310.88037109375,369.543640136719,0.3486328125,5354975338
308.352874755859,368.806457519531,0.283203125,5354990656
305.509460449219,367.384765625,0.166015625,5354999225
302.929321289063,365.225860595703,0.0712890625,5355005589
265.596313476563,278.975524902344,0.171875,5355335987
264.859130859375,279.238800048828,0.23828125,5355336214
264.332550048828,279.502075195313,0.26953125,5355336263
263.332092285156,279.870666503906,0.2724609375,5355343757
263.016174316406,280.133941650391,0.2900390625,5355350943
262.594909667969,280.502532958984,0.298828125,5355359406
262.173675537109,281.029113769531,0.3046875,5355366195
261.752410888672,281.660980224609,0.3076171875,5355374306
261.331176757813,282.292846679688,0.310546875,5355381249
260.593994140625,283.030029296875,0.3115234375,5355389743
260.014770507813,283.819854736328,0.3115234375,5355389934
259.593536376953,284.557037353516,0.314453125,5355396115
259.172271728516,285.452178955078,0.3212890625,5355404517
258.751037597656,286.347351074219,0.333984375,5355411125
258.487762451172,287.347808837891,0.3486328125,5355419383
258.329803466797,288.348266601563,0.36328125,5355426088
258.171813964844,289.769989013672,0.376953125,5355434602
258.171813964844,291.296997070313,0.3916015625,5355440916
258.329803466797,293.034637451172,0.3984375,5355449747
258.593078613281,295.351501464844,0.4033203125,5355456254
258.908996582031,297.984283447266,0.4052734375,5355464648
259.330261230469,301.670196533203,0.408203125,5355471724
259.909454345703,306.461883544922,0.4072265625,5355479710
260.751953125,312.412017822266,0.40625,5355485868
261.752410888672,319.625854492188,0.40625,5355494640
262.752899169922,327.366271972656,0.40625,5355501264
263.753356933594,335.843872070313,0.40625,5355509143
264.753814697266,344.216156005859,0.40625,5355516310
265.859588623047,352.219848632813,0.384765625,5355524421
267.018005371094,359.907623291016,0.35546875,5355531363
268.176452636719,366.752899169922,0.25,5355546010
269.2822265625,373.071594238281,0.1123046875,5355554496
270.440643310547,378.284515380859,0.044921875,5355561498
374.857269287109,267.075286865234,0.23046875,5356401936
374.593994140625,267.075286865234,0.31640625,5356402124
374.593994140625,267.075286865234,0.35546875,5356402163
374.593994140625,267.233245849609,0.353515625,5356410478
374.593994140625,267.233245849609,0.3681640625,5356416848
374.593994140625,267.233245849609,0.3701171875,5356424789
374.593994140625,267.233245849609,0.37109375,5356431927
374.593994140625,267.233245849609,0.369140625,5356439858
374.593994140625,267.233245849609,0.365234375,5356446973
374.593994140625,267.233245849609,0.3642578125,5356455481
374.593994140625,267.233245849609,0.365234375,5356455627
374.593994140625,267.233245849609,0.3701171875,5356462251
374.751953125,267.233245849609,0.37109375,5356473138
374.857269287109,267.075286865234,0.37109375,5356476755
375.173217773438,266.864654541016,0.376953125,5356485954
375.594451904297,266.443420410156,0.388671875,5356491834
376.278991699219,266.074829101563,0.400390625,5356500762
377.174133300781,265.548278808594,0.4130859375,5356508708
378.437866210938,265.074371337891,0.4248046875,5356515436
380.280822753906,264.284515380859,0.4365234375,5356522066
382.439727783203,263.284057617188,0.4462890625,5356530609
384.861907958984,262.388916015625,0.455078125,5356536854
387.442047119141,261.388458251953,0.4560546875,5356545330
390.285461425781,260.493316650391,0.45703125,5356551979
393.234191894531,259.756134033203,0.45703125,5356560587
396.656799316406,258.966278076172,0.45703125,5356567294
399.97412109375,258.334411621094,0.458984375,5356578037
403.080841064453,257.9658203125,0.4619140625,5356581958
406.240173339844,257.860504150391,0.4482421875,5356590681
409.083587646484,257.860504150391,0.427734375,5356597221
411.927032470703,258.123779296875,0.38671875,5356605948
414.507171630859,258.334411621094,0.3369140625,5356612070
416.771362304688,259.229553222656,0.2431640625,5356627060
419.035552978516,260.019409179688,0.1181640625,5356635601
421.036499023438,260.861907958984,0.048828125,5356642103
373.172271728516,306.093292236328,0.22265625,5356852373
372.593078613281,305.830017089844,0.3056640625,5356852571
373.172271728516,305.830017089844,0.34375,5356852621
373.593536376953,305.092834472656,0.33984375,5356860361
374.014770507813,304.829559326172,0.3486328125,5356867350
374.43603515625,304.303009033203,0.3525390625,5356875170
375.173217773438,303.671142578125,0.3564453125,5356882340
376.173675537109,302.933959960938,0.3583984375,5356890868
377.437408447266,302.038787841797,0.3583984375,5356897543
379.175048828125,301.038330078125,0.359375,5356906243
381.281280517578,300.037872314453,0.36328125,5356906459
383.545501708984,298.774139404297,0.3720703125,5356912017
385.967681884766,297.352416992188,0.3798828125,5356920725
388.389831542969,296.088684082031,0.390625,5356927477
390.969970703125,294.930267333984,0.3955078125,5356935936
393.708068847656,293.824493408203,0.3994140625,5356944222
396.551513671875,292.824005126953,0.3994140625,5356950962
399.552886962891,291.770904541016,0.3984375,5356957500
402.396301269531,290.928405761719,0.3984375,5356966004
405.081756591797,290.138580322266,0.3984375,5356972240
407.503936767578,289.506683349609,0.3876953125,5356980855
409.926086425781,288.874816894531,0.3720703125,5356987318
412.190307617188,288.348266601563,0.3271484375,5356995976
414.085906982422,287.874359130859,0.2724609375,5357002908
415.770904541016,287.505767822266,0.18359375,5357017521
396.656799316406,275.816162109375,0.20703125,5357197711
395.656341552734,276.342712402344,0.287109375,5357197878
395.129791259766,276.448028564453,0.32421875,5357197921
394.708557128906,276.711303710938,0.32421875,5357208134
394.708557128906,276.974609375,0.33984375,5357212247
394.708557128906,277.079895019531,0.3447265625,5357220717
394.708557128906,277.343200683594,0.3486328125,5357227727
394.971832275391,277.606475830078,0.3505859375,5357235891
395.39306640625,277.869750976563,0.353515625,5357242610
395.814331054688,278.238342285156,0.3544921875,5357251551
396.393524169922,278.60693359375,0.3544921875,5357251698
397.130706787109,279.133483886719,0.35546875,5357257720
397.973205566406,280.133941650391,0.3525390625,5357266243
398.973663330078,281.292388916016,0.3515625,5357272763
399.816162109375,282.661437988281,0.353515625,5357282613
400.658660888672,284.451721191406,0.3583984375,5357287624
401.395843505859,286.610626220703,0.36328125,5357296113
402.080383300781,289.138092041016,0.3681640625,5357302742
402.817565917969,291.665588378906,0.3671875,5357311009
403.396759033203,294.298370361328,0.365234375,5357317994
404.081298828125,296.983825683594,0.3662109375,5357326060
404.660522460938,299.879913330078,0.3681640625,5357333062
405.502990722656,302.828643798828,0.365234375,5357341301
406.240173339844,305.830017089844,0.3623046875,5357347706
406.819396972656,308.620788574219,0.330078125,5357356264
407.240661621094,311.306243896484,0.28515625,5357362426
407.661895751953,313.833709716797,0.1943359375,5357377390
390.285461425781,334.106231689453,0.296875,5357602843
389.390289306641,334.738098144531,0.40625,5357603040
389.285003662109,334.738098144531,0.45703125,5357603085
389.390289306641,334.738098144531,0.4482421875,5357610936
389.706237792969,334.738098144531,0.458984375,5357617735
390.127471923828,334.474822998047,0.455078125,5357626306
390.706695556641,333.948272705078,0.4521484375,5357632849
391.549194335938,333.053131103516,0.44140625,5357641045
392.812927246094,332.052642822266,0.4296875,5357648097
394.550567626953,330.946868896484,0.4248046875,5357656278
396.656799316406,329.419860839844,0.416015625,5357656442
399.394927978516,327.998138427734,0.408203125,5357663139
402.238342285156,326.892364501953,0.40234375,5357671343
405.345031738281,325.839263916016,0.3974609375,5357677909
408.346435546875,324.838806152344,0.3955078125,5357686106
411.663726806641,324.101623535156,0.39453125,5357693105
414.770446777344,323.469757080078,0.396484375,5357701542
418.193084716797,322.837860107422,0.3994140625,5357707931
421.352416992188,322.205993652344,0.4013671875,5357716548
424.195831298828,321.679443359375,0.404296875,5357723063
426.881286621094,321.047576904297,0.4052734375,5357731689
429.566741943359,320.521026611328,0.4052734375,5357738090
431.883605957031,320.047119140625,0.3994140625,5357745869
433.884521484375,319.520568847656,0.392578125,5357752732
435.569519042969,318.783386230469,0.330078125,5357761420
437.149200439453,318.151489257813,0.244140625,5357768308
438.412933349609,317.361663818359,0.154296875,5357783186
424.722412109375,247.592620849609,0.1015625,5358143669
423.616638183594,248.487762451172,0.138671875,5358143872
423.300689697266,248.856353759766,0.15625,5358143916
422.774139404297,249.224945068359,0.1513671875,5358151321
422.616180419922,249.382904052734,0.15234375,5358158227
422.458190917969,249.488220214844,0.15234375,5358166764
422.300231933594,249.593536376953,0.15234375,5358173042
422.194915771484,249.751495361328,0.158203125,5358182001
422.036956787109,249.751495361328,0.16796875,5358188680
422.036956787109,249.593536376953,0.1875,5358197040
422.194915771484,249.382904052734,0.2119140625,5358203316
422.458190917969,248.961669921875,0.23828125,5358211631
422.879455566406,248.487762451172,0.265625,5358218560
423.458648681641,247.961212158203,0.2861328125,5358226640
424.459136962891,247.329315185547,0.3046875,5358233603
425.722869873047,246.592132568359,0.3125,5358242068
427.302551269531,245.960266113281,0.3173828125,5358242240
429.1455078125,245.170440673828,0.3232421875,5358248533
431.146423339844,244.53857421875,0.330078125,5358256724
433.305297851563,243.906707763672,0.33984375,5358263466
435.885437011719,243.432800292969,0.3447265625,5358272028
438.834167480469,242.90625,0.3466796875,5358279061
442.256805419922,242.537658691406,0.3447265625,5358286788
445.679443359375,242.274353027344,0.34375,5358293429
449.417999267578,242.116394042969,0.34375,5358302134
452.945953369141,242.116394042969,0.345703125,5358308543
456.368591308594,242.116394042969,0.3466796875,5358317242
459.791229248047,242.379669189453,0.3466796875,5358323606
463.055877685547,242.90625,0.349609375,5358332233
465.951965332031,243.643432617188,0.3525390625,5358338487
468.479431152344,244.696533203125,0.3544921875,5358346819
470.638336181641,245.802307128906,0.357421875,5358353439
472.323333740234,247.329315185547,0.3642578125,5358363132
473.745025634766,248.961669921875,0.376953125,5358368692
474.745483398438,250.646636962891,0.38671875,5358377205
475.32470703125,252.278991699219,0.3984375,5358383716
475.482666015625,253.911315917969,0.4033203125,5358392119
475.32470703125,255.806915283203,0.4052734375,5358398856
475.061431884766,257.597229003906,0.4033203125,5358406851
474.060974121094,259.492828369141,0.400390625,5358413607
472.902526855469,261.388458251953,0.3857421875,5358422080
471.638793945313,263.178741455078,0.3662109375,5358428508
470.217102050781,264.705780029297,0.337890625,5358437028
468.637420654297,265.969512939453,0.3046875,5358443644
467.215698242188,267.338562011719,0.236328125,5358458751
465.794006347656,268.602294921875,0.126953125,5358466955
464.214324951172,269.866058349609,0.0537109375,5358473543
459.949188232422,221.475280761719,0.31640625,5358669717
459.212005615234,221.475280761719,0.4365234375,5358669921
459.369964599609,221.475280761719,0.4921875,5358669974
459.369964599609,221.633270263672,0.4892578125,5358678254
459.369964599609,221.633270263672,0.5078125,5358683563
459.212005615234,221.896545410156,0.5126953125,5358692140
459.106689453125,222.26513671875,0.5146484375,5358698830
458.94873046875,222.897003173828,0.5126953125,5358707467
458.790771484375,223.8974609375,0.509765625,5358713883
458.685455322266,225.161193847656,0.5087890625,5358722002
458.527496337891,226.793548583984,0.505859375,5358722186
458.211547851563,228.847106933594,0.50390625,5358728935
457.790313720703,231.111328125,0.50390625,5358737378
457.211090087891,233.638793945313,0.50390625,5358746368
456.684539794922,236.587524414063,0.5009765625,5358752331
455.947357177734,239.852203369141,0.498046875,5358758914
455.262817382813,243.274841308594,0.4921875,5358767483
454.525634765625,247.066040039063,0.4853515625,5358773745
454.104400634766,250.751953125,0.46875,5358782361
453.525177001953,254.543182373047,0.451171875,5358788758
453.261901855469,258.123779296875,0.4189453125,5358797555
452.945953369141,261.388458251953,0.3818359375,5358803908
452.840637207031,264.547821044922,0.3134765625,5358812397
452.840637207031,267.338562011719,0.23046875,5358819000
452.945953369141,269.866058349609,0.1455078125,5358834133
425.722869873047,277.079895019531,0.18359375,5359119662
426.302093505859,276.606018066406,0.2529296875,5359119865
427.881744384766,276.079437255859,0.28515625,5359119916
429.1455078125,275.552886962891,0.29296875,5359127177
429.882690429688,275.447570800781,0.31640625,5359134277
430.725158691406,275.342254638672,0.326171875,5359143389
431.883605957031,274.921020507813,0.330078125,5359148929
433.463287353516,274.552429199219,0.33203125,5359157662
434.990295410156,274.183837890625,0.333984375,5359164318
436.833251953125,273.657287597656,0.3349609375,5359172998
438.992156982422,273.183380126953,0.3349609375,5359173192
441.414306640625,272.656799316406,0.3359375,5359179343
444.257751464844,272.182922363281,0.3359375,5359187696
447.101165771484,271.656341552734,0.3359375,5359194444
450.418487548828,271.024475097656,0.3330078125,5359202613
453.525177001953,270.392608642578,0.33203125,5359209257
457.105773925781,269.7607421875,0.333984375,5359217684
461.107635498047,269.128875732422,0.3369140625,5359224400
464.951507568359,268.602294921875,0.3388671875,5359232744
468.900695800781,268.233703613281,0.3388671875,5359239081
472.744567871094,267.865112304688,0.33984375,5359247692
476.746429443359,267.707153320313,0.341796875,5359254295
481.011535644531,267.707153320313,0.3427734375,5359262522
484.855438232422,267.865112304688,0.3427734375,5359269311
488.593994140625,268.12841796875,0.3408203125,5359277837
491.858673095703,268.497009277344,0.33984375,5359284246
494.860046386719,268.865600585938,0.302734375,5359292789
497.2822265625,269.128875732422,0.251953125,5359299378
499.388458251953,269.392150878906,0.16796875,5359314503
435.885437011719,300.248504638672,0.1328125,5359584482
435.727478027344,300.406463623047,0.18359375,5359584686
435.569519042969,300.669738769531,0.20703125,5359584735
435.411560058594,300.933013916016,0.2265625,5359592476
435.411560058594,301.143646240234,0.2666015625,5359599715
435.411560058594,301.564910888672,0.2998046875,5359610681
435.411560058594,302.038787841797,0.3310546875,5359614676
435.411560058594,302.828643798828,0.3505859375,5359622618
435.411560058594,303.565826416016,0.365234375,5359629809
435.411560058594,304.460968017578,0.3720703125,5359637796
435.727478027344,305.46142578125,0.3740234375,5359637917
436.148742675781,306.619873046875,0.375,5359644293
436.727935791016,307.883605957031,0.3720703125,5359652981
437.412475585938,309.147338867188,0.37109375,5359659723
438.149658203125,310.937652587891,0.369140625,5359668384
438.834167480469,312.67529296875,0.365234375,5359674624
439.571350097656,314.202301025391,0.3212890625,5359683003
440.150573730469,315.6240234375,0.2578125,5359689457
440.729797363281,316.729797363281,0.169921875,5359704752
438.570892333984,297.615692138672,0.265625,5359902422
437.570434570313,298.616180419922,0.3642578125,5359902641
437.149200439453,298.879455566406,0.41015625,5359902688
436.727935791016,299.406005859375,0.400390625,5359907980
436.727935791016,299.406005859375,0.400390625,5359922657
437.149200439453,299.248046875,0.392578125,5359929972
437.728393554688,298.984771728516,0.38671875,5359938627
438.412933349609,298.510864257813,0.3818359375,5359946842
439.255432128906,297.247100830078,0.3798828125,5359953310
440.413848876953,296.088684082031,0.376953125,5359953530
441.835571289063,294.930267333984,0.375,5359960499
443.257263183594,293.824493408203,0.380859375,5359968515
445.258209228516,292.824005126953,0.390625,5359974969
447.417083740234,291.928863525391,0.3974609375,5359983072
449.681304931641,291.296997070313,0.40234375,5359989849
452.103454589844,290.928405761719,0.4091796875,5359998617
454.36767578125,290.665130615234,0.41796875,5360005032
456.789825439453,290.507171630859,0.4248046875,5360013535
459.527954101563,290.40185546875,0.4326171875,5360019921
462.529327392578,290.40185546875,0.435546875,5360028462
465.478057861328,290.243865966797,0.4365234375,5360035147
468.374145507813,290.138580322266,0.4375,5360043515
471.217559814453,290.138580322266,0.439453125,5360050408
473.903015136719,290.033264160156,0.4423828125,5360058545
476.483154296875,290.138580322266,0.4462890625,5360065179
479.010620117188,290.40185546875,0.4453125,5360073689
481.432800292969,290.770446777344,0.4453125,5360082709
483.591674804688,291.665588378906,0.443359375,5360088537
485.592620849609,292.824005126953,0.44140625,5360095825
487.435577392578,294.298370361328,0.443359375,5360103412
488.857269287109,295.825408935547,0.4462890625,5360110177
489.857727050781,297.615692138672,0.4482421875,5360118357
490.700225830078,299.511322021484,0.451171875,5360124912
491.016174316406,301.670196533203,0.4521484375,5360133852
491.016174316406,303.8291015625,0.4521484375,5360139708
490.700225830078,305.987976074219,0.453125,5360149226
490.173675537109,308.515472412109,0.453125,5360155147
489.278533935547,310.779663085938,0.4501953125,5360163512
488.278045654297,313.043884277344,0.44921875,5360170057
487.014312744141,315.202758789063,0.4404296875,5360178686
485.329315185547,317.361663818359,0.4296875,5360189967
483.591674804688,319.415252685547,0.4052734375,5360193484
481.906707763672,321.310852050781,0.376953125,5360200807
480.327026367188,322.943176269531,0.3349609375,5360208158
478.589385986328,324.47021484375,0.2880859375,5360215267
476.904388427734,325.733947753906,0.212890625,5360232338
475.32470703125,326.629089355469,0.109375,5360238352
474.060974121094,327.260955810547,0.0458984375,5360245386
442.836029052734,330.315002441406,0.19921875,5360485321
442.836029052734,329.683135986328,0.2744140625,5360485570
442.993988037109,329.261901855469,0.30859375,5360485660
443.257263183594,328.893310546875,0.322265625,5360493753
443.573211669922,328.787994384766,0.35546875,5360500383
443.836486816406,328.630035400391,0.3779296875,5360508347
444.257751464844,328.366729736328,0.3974609375,5360515389
444.836944580078,328.261444091797,0.408203125,5360523653
445.574127197266,328.156127929688,0.416015625,5360530630
446.574584960938,328.156127929688,0.419921875,5360538980
447.838348388672,328.156127929688,0.4208984375,5360539118
449.417999267578,328.261444091797,0.423828125,5360545507
450.945037841797,328.366729736328,0.4248046875,5360553760
452.524719238281,328.524719238281,0.427734375,5360562395
454.36767578125,328.787994384766,0.4287109375,5360568902
456.368591308594,328.787994384766,0.4287109375,5360575434
458.790771484375,328.787994384766,0.4267578125,5360583593
461.370910644531,328.630035400391,0.42578125,5360590504
464.477600097656,328.261444091797,0.42578125,5360598670
467.794921875,327.892852783203,0.42578125,5360605659
471.217559814453,327.260955810547,0.4013671875,5360614103
474.745483398438,326.365814208984,0.3671875,5360620698
478.326110839844,325.470672607422,0.30078125,5360628631
482.012023925781,324.575531005859,0.220703125,5360635659
485.592620849609,323.838348388672,0.1396484375,5360650652
440.835113525391,343.689605712891,0.1953125,5360890581
441.151031494141,343.478973388672,0.267578125,5360890761
441.572296142578,343.321014404297,0.30078125,5360890813
442.256805419922,342.952423095703,0.3125,5360898408
442.678070068359,342.847106933594,0.3427734375,5360905532
443.415252685547,342.583831787109,0.3525390625,5360914187
444.257751464844,342.320556640625,0.3583984375,5360920506
445.574127197266,341.951965332031,0.359375,5360929098
447.101165771484,341.583374023438,0.359375,5360935857
449.102081298828,341.162139892578,0.359375,5360944343
450.945037841797,340.951507568359,0.359375,5360944531
453.103912353516,340.530242919922,0.359375,5360950376
455.262817382813,340.424957275391,0.359375,5360958833
457.684997558594,340.161651611328,0.359375,5360965742
460.212463378906,340.056365966797,0.3564453125,5360973774
463.2138671875,339.793060302734,0.35546875,5360980918
466.215240478516,339.52978515625,0.35546875,5360989131
469.058654785156,339.266510009766,0.357421875,5360995911
472.218017578125,339.161193847656,0.3583984375,5361004275
475.061431884766,338.634643554688,0.3583984375,5361011095
477.746887207031,338.002777099609,0.359375,5361018993
480.327026367188,337.370910644531,0.361328125,5361025847
482.591217041016,336.739044189453,0.333984375,5361034143
484.592132568359,336.107147216797,0.2958984375,5361041048
486.435089111328,335.475280761719,0.2041015625,5361055586
436.727935791016,348.639251708984,0.265625,5361251157
435.727478027344,348.639251708984,0.3642578125,5361251385
435.885437011719,348.797241210938,0.41015625,5361251437
435.885437011719,348.902526855469,0.404296875,5361258813
435.885437011719,348.902526855469,0.4150390625,5361266005
436.306701660156,349.060516357422,0.412109375,5361274326
436.727935791016,349.165832519531,0.4091796875,5361281418
437.307159423828,349.271118164063,0.4072265625,5361288953
437.833709716797,349.429107666016,0.408203125,5361296163
438.570892333984,349.6923828125,0.4091796875,5361304328
439.255432128906,349.903015136719,0.4033203125,5361304458
440.150573730469,350.324249267578,0.396484375,5361311234
441.151031494141,350.956115722656,0.39453125,5361319476
442.256805419922,351.587982177734,0.3984375,5361326159
443.415252685547,352.325164794922,0.400390625,5361334706
444.415710449219,353.220336914063,0.4033203125,5361341058
445.574127197266,354.220794677734,0.4052734375,5361349611
446.574584960938,355.484527587891,0.4052734375,5361356222
447.522399902344,356.642944335938,0.4033203125,5361364615
448.417541503906,357.748718261719,0.40234375,5361371134
449.260040283203,358.801849365234,0.404296875,5361378884
449.839263916016,359.802307128906,0.4072265625,5361386045
450.260498046875,360.697448730469,0.4091796875,5361394597
450.260498046875,361.592620849609,0.4091796875,5361401342
450.260498046875,362.329803466797,0.4072265625,5361409748
449.839263916016,362.961669921875,0.40625,5361419071
449.417999267578,363.488220214844,0.3974609375,5361423943
448.522857666016,363.856811523438,0.384765625,5361431167
447.680358886719,364.225402832031,0.365234375,5361439669
446.574584960938,364.383361816406,0.345703125,5361446446
445.416168212891,364.383361816406,0.328125,5361455539
444.257751464844,364.383361816406,0.3134765625,5361461227
442.993988037109,364.225402832031,0.3056640625,5361469560
441.572296142578,364.120086669922,0.3017578125,5361476320
440.255889892578,364.120086669922,0.3046875,5361486345
439.150115966797,363.962127685547,0.3134765625,5361490914
438.149658203125,363.962127685547,0.3193359375,5361499514
437.307159423828,363.962127685547,0.32421875,5361506228
436.569976806641,364.120086669922,0.3271484375,5361514520
435.990753173828,364.383361816406,0.3271484375,5361520985
435.569519042969,364.488677978516,0.328125,5361529799
435.569519042969,364.857269287109,0.3251953125,5361544817
435.885437011719,365.120544433594,0.322265625,5361552426
436.412017822266,365.647125244141,0.3232421875,5361559813
437.307159423828,365.752410888672,0.3251953125,5361566358
438.570892333984,365.752410888672,0.337890625,5361574349
440.255889892578,365.647125244141,0.353515625,5361581443
442.414794921875,365.489135742188,0.373046875,5361589990
444.994934082031,365.225860595703,0.392578125,5361596344
447.680358886719,364.857269287109,0.4013671875,5361604811
450.839721679688,364.488677978516,0.4072265625,5361611515
453.841094970703,364.120086669922,0.4111328125,5361621934
456.947814941406,363.751495361328,0.4169921875,5361626328
460.212463378906,363.488220214844,0.4150390625,5361634955
463.635101318359,363.330261230469,0.4130859375,5361640985
466.794464111328,363.224945068359,0.4130859375,5361649627
469.637878417969,363.224945068359,0.4150390625,5361656315
472.639251708984,363.330261230469,0.4169921875,5361664611
475.32470703125,363.593536376953,0.4169921875,5361671527
478.062805175781,363.751495361328,0.4150390625,5361680052
480.590301513672,363.751495361328,0.4140625,5361686241
483.012481689453,363.751495361328,0.3984375,5361694573
485.750579833984,363.488220214844,0.37890625,5361701481
488.43603515625,362.961669921875,0.32421875,5361710001
490.858184814453,362.329803466797,0.255859375,5361716577
493.280364990234,361.171356201172,0.1669921875,5361731574
468.637420654297,331.420776367188,0.2109375,5362047038
468.216156005859,331.315460205078,0.291015625,5362047200
468.058197021484,331.315460205078,0.328125,5362047247
467.900238037109,331.420776367188,0.3408203125,5362054411
467.794921875,331.420776367188,0.376953125,5362061789
467.636962890625,331.578765869141,0.4013671875,5362069679
467.478973388672,331.684051513672,0.4228515625,5362076870
467.215698242188,331.947357177734,0.44140625,5362085092
466.899780273438,332.210632324219,0.458984375,5362091745
466.478515625,332.421234130859,0.4677734375,5362100036
466.057281494141,332.842498779297,0.4794921875,5362100179
465.636016845703,333.211090087891,0.4931640625,5362106591
465.056823730469,333.684997558594,0.5078125,5362115337
464.477600097656,334.316864013672,0.5234375,5362121837
464.056365966797,335.369964599609,0.53515625,5362130447
463.635101318359,336.107147216797,0.546875,5362136765
463.2138671875,336.739044189453,0.5537109375,5362145347
462.950592041016,337.265594482422,0.5615234375,5362153291
462.634643554688,337.739501953125,0.564453125,5362160226
462.371368408203,338.160736083984,0.5654296875,5362166901
462.213409423828,338.529327392578,0.56640625,5362174997
462.213409423828,338.897918701172,0.568359375,5362182098
462.213409423828,339.161193847656,0.5712890625,5362189738
462.371368408203,339.424468994141,0.5751953125,5362196976
462.634643554688,339.793060302734,0.5791015625,5362205034
463.055877685547,340.319641113281,0.5830078125,5362212226
463.635101318359,341.056823730469,0.5849609375,5362220436
464.477600097656,342.215240478516,0.5849609375,5362226805
465.478057861328,343.847564697266,0.5810546875,5362235351
466.636474609375,346.375061035156,0.5771484375,5362242078
468.216156005859,350.060974121094,0.5732421875,5362250490
469.795837402344,354.852661132813,0.5712890625,5362256969
471.322875976563,361.329315185547,0.5546875,5362264998
472.744567871094,368.543182373047,0.53515625,5362271912
474.060974121094,376.915466308594,0.482421875,5362280780
475.166748046875,385.656341552734,0.4169921875,5362287879
476.167205810547,394.397216796875,0.359375,5362295520
477.062347412109,402.716857910156,0.3095703125,5362301922
477.746887207031,410.193969726563,0.2470703125,5362317073
478.747344970703,416.407409667969,0.14453125,5362324739
