96.6235580444336,77.7773742675781,0.19140625,7163349193
96.4655914306641,77.0928344726563,0.263671875,7163349373
96.7288665771484,77.3561248779297,0.296875,7163349416
97.1501159667969,77.7773742675781,0.2890625,7163356735
97.6240158081055,78.1459655761719,0.29296875,7163363726
98.0452651977539,79.2517395019531,0.291015625,7163372050
98.7297897338867,80.5154724121094,0.287109375,7163378937
99.7302551269531,82.2004547119141,0.2861328125,7163387109
100.730712890625,83.9381103515625,0.28515625,7163393761
101.731178283691,85.7284088134766,0.28515625,7163402218
102.731636047363,87.781982421875,0.28515625,7163402436
103.73210144043,90.0461883544922,0.28515625,7163409040
104.732566833496,92.8369445800781,0.28515625,7163417369
105.575057983398,95.6277160644531,0.287109375,7163424108
106.575523376465,98.2605133056641,0.283203125,7163432434
107.418014526367,100.787994384766,0.2802734375,7163440594
108.313163757324,103.473434448242,0.2802734375,7163447231
109.155654907227,106.000930786133,0.2822265625,7163454154
109.840187072754,108.423095703125,0.28125,7163462422
110.735336303711,110.950576782227,0.279296875,7163468874
111.419860839844,113.846649169922,0.2802734375,7163477409
112.157043457031,116.900695800781,0.2841796875,7163484302
112.683601379395,119.533493041992,0.25,7163499211
113.157508850098,121.850341796875,0.1552734375,7163506847
113.578750610352,123.851272583008,0.0693359375,7163514366
103.73210144043,75.7237854003906,0.20703125,7163664833
102.889610290527,73.0909881591797,0.2841796875,7163665004
102.310394287109,72.5644378662109,0.3203125,7163665053
102.731636047363,71.7745971679688,0.314453125,7163672118
102.889610290527,71.6692810058594,0.322265625,7163679224
103.152885437012,71.56396484375,0.318359375,7163687257
103.73210144043,71.406005859375,0.3154296875,7163694732
104.416625976563,71.3006896972656,0.3115234375,7163702322
105.417091369629,71.3006896972656,0.306640625,7163709422
106.733489990234,71.3006896972656,0.3056640625,7163718161
108.155197143555,71.406005859375,0.3046875,7163718295
109.998153686523,71.56396484375,0.306640625,7163724267
112.262351989746,71.7745971679688,0.3056640625,7163732551
114.684524536133,72.0378723144531,0.3046875,7163739284
117.422630310059,72.4064636230469,0.3046875,7163747800
120.108085632324,72.9330291748047,0.3046875,7163754362
122.951499938965,73.4595794677734,0.3046875,7163762205
125.689605712891,73.9334869384766,0.3046875,7163769242
128.375061035156,74.5653533935547,0.3017578125,7163777561
131.060501098633,75.3551940917969,0.30078125,7163784525
133.482681274414,76.2503509521484,0.30078125,7163792552
135.904846191406,77.7773742675781,0.302734375,7163799408
137.905776977539,79.2517395019531,0.3017578125,7163807178
139.801391601563,80.9367218017578,0.30078125,7163814804
141.065124511719,82.5690460205078,0.298828125,7163823140
141.907623291016,84.5699768066406,0.296875,7163832719
142.223556518555,86.6235504150391,0.294921875,7163838187
142.065582275391,89.1510467529297,0.291015625,7163844761
141.328399658203,92.3103942871094,0.287109375,7163852241
140.064666748047,95.7330322265625,0.283203125,7163859735
138.484985351563,99.0503540039063,0.279296875,7163868238
136.484069824219,102.315017700195,0.275390625,7163874522
134.219863891602,105.369049072266,0.2744140625,7163882814
131.376449584961,108.528411865234,0.275390625,7163889919
128.217086791992,111.687759399414,0.2744140625,7163897742
124.794456481934,115.373672485352,0.2734375,7163905580
121.371826171875,118.427719116211,0.275390625,7163913048
118.001846313477,121.218475341797,0.2783203125,7163919600
114.421249389648,123.587997436523,0.27734375,7163927478
110.998611450195,125.483596801758,0.27734375,7163936571
107.733947753906,127.273910522461,0.28125,7163942953
104.890533447266,128.642959594727,0.287109375,7163949601
102.468360900879,129.696075439453,0.294921875,7163957899
100.572746276855,130.433258056641,0.3046875,7163964386
99.1510391235352,131.065124511719,0.318359375,7163972332
98.1505737304688,131.591690063477,0.3349609375,7163979512
97.8872985839844,131.591690063477,0.3466796875,7163987643
98.1505737304688,131.433715820313,0.359375,7163994649
99.4669723510742,131.223098754883,0.3662109375,7164002558
101.309928894043,130.53857421875,0.37109375,7164009538
103.57413482666,129.801391601563,0.37109375,7164017802
106.312240600586,128.274368286133,0.369140625,7164024584
109.418937683105,126.747344970703,0.365234375,7164033037
113.262817382813,125.220321655273,0.3642578125,7164040109
117.001388549805,123.745956420898,0.36328125,7164048131
120.529327392578,122.324249267578,0.36328125,7164054650
123.688682556152,121.218475341797,0.3603515625,7164062697
126.532104492188,120.16535949707,0.359375,7164069600
128.95426940918,119.428176879883,0.357421875,7164077795
130.955200195313,118.901611328125,0.35546875,7164084864
132.534866333008,118.638336181641,0.3505859375,7164095668
133.482681274414,118.796310424805,0.3466796875,7164099654
133.956588745117,119.270202636719,0.3427734375,7164108567
133.956588745117,120.691909790039,0.337890625,7164114694
133.377365112305,122.218933105469,0.3369140625,7164123097
132.376907348633,124.114547729492,0.3359375,7164129485
130.797225952148,126.115478515625,0.3330078125,7164138291
128.375061035156,128.432327270508,0.33203125,7164144927
125.373672485352,131.328399658203,0.330078125,7164153098
122.266975402832,135.014312744141,0.326171875,7164161432
118.844345092773,138.805541992188,0.3251953125,7164168173
115.42170715332,142.491455078125,0.326171875,7164174673
111.577827453613,145.914093017578,0.3271484375,7164183393
107.575981140137,149.284057617188,0.3271484375,7164189614
103.890068054199,152.706695556641,0.328125,7164197933
100.572746276855,156.550567626953,0.328125,7164204815
97.4660491943359,160.078521728516,0.328125,7164213407
94.4646682739258,163.237884521484,0.330078125,7164219776
91.7792129516602,166.028625488281,0.3310546875,7164228659
89.3570404052734,168.450805664063,0.3310546875,7164234864
86.9348754882813,170.609710693359,0.33203125,7164243117
84.933952331543,172.242034912109,0.33203125,7164249981
83.1963043212891,173.611083984375,0.333984375,7164258192
81.9325637817383,174.664215087891,0.3369140625,7164265083
80.9320983886719,175.506683349609,0.3408203125,7164273124
81.1953811645508,175.769989013672,0.3486328125,7164288072
82.0905303955078,175.769989013672,0.3564453125,7164297466
83.6175537109375,175.401397705078,0.36328125,7164303200
85.7764434814453,174.664215087891,0.3681640625,7164309857
88.77783203125,173.347808837891,0.3701171875,7164318457
92.7796783447266,171.346893310547,0.3701171875,7164324891
97.1501159667969,169.082672119141,0.37109375,7164333582
102.15242767334,166.555206298828,0.37109375,7164339770
107.839263916016,164.133026123047,0.3681640625,7164348549
114.105308532715,161.97412109375,0.3671875,7164354856
120.266052246094,159.815246582031,0.3671875,7164362936
126.374130249023,158.024932861328,0.369140625,7164369893
131.955657958984,156.550567626953,0.365234375,7164378239
137.063278198242,155.497467041016,0.3623046875,7164385011
141.644348144531,155.023559570313,0.3583984375,7164393348
145.593536376953,154.865600585938,0.3564453125,7164400144
149.174133300781,155.128875732422,0.3505859375,7164408459
152.017547607422,155.655426025391,0.3466796875,7164415153
154.17643737793,156.655883789063,0.33984375,7164423245
155.598159790039,158.288208007813,0.3330078125,7164429510
156.177368164063,160.605072021484,0.3271484375,7164438437
155.861434936523,163.132568359375,0.3251953125,7164445040
154.755661010742,165.660034179688,0.322265625,7164453387
152.912704467773,168.292846679688,0.3203125,7164460075
149.753341674805,171.346893310547,0.3203125,7164468466
145.488220214844,175.138092041016,0.322265625,7164475034
140.74919128418,179.3505859375,0.3232421875,7164483595
134.799072265625,183.773681640625,0.326171875,7164489560
128.375061035156,187.933502197266,0.3251953125,7164498171
121.108543395996,192.251281738281,0.32421875,7164505075
113.420783996582,197.04296875,0.322265625,7164513179
105.996307373047,201.729339599609,0.318359375,7164520037
98.6244812011719,205.941802978516,0.3193359375,7164528848
91.4632797241211,209.733032226563,0.3212890625,7164535163
85.1972274780273,213.155670166016,0.3232421875,7164543599
79.6683578491211,216.315002441406,0.3232421875,7164550285
74.929328918457,219.105773925781,0.330078125,7164558568
70.9801406860352,221.369964599609,0.33984375,7164565024
67.6628189086914,223.423553466797,0.3505859375,7164573079
65.2406463623047,225.055877685547,0.3642578125,7164580192
64.2401809692383,225.951049804688,0.390625,7164595192
64.2401809692383,226.319641113281,0.404296875,7164603539
65.2406463623047,226.161651611328,0.4150390625,7164610318
67.557502746582,225.319183349609,0.421875,7164618844
71.2434158325195,224.160736083984,0.4267578125,7164625125
76.087760925293,222.370452880859,0.4306640625,7164633638
82.0905303955078,220.211547851563,0.4345703125,7164640077
88.77783203125,217.578765869141,0.43359375,7164648663
96.0443420410156,214.524719238281,0.43359375,7164654858
103.995384216309,211.470672607422,0.431640625,7164663325
112.262351989746,208.469299316406,0.4296875,7164670174
120.845268249512,205.520568847656,0.41015625,7164678782
128.638336181641,202.729797363281,0.3837890625,7164685356
136.06282043457,199.99169921875,0.3388671875,7164696079
142.750122070313,197.200927734375,0.287109375,7164700071
148.594924926758,194.252197265625,0.1943359375,7164715412
123.688682556152,173.505767822266,0.28125,7164885153
122.68822479248,173.979675292969,0.388671875,7164885346
122.266975402832,175.296081542969,0.4375,7164885396
121.845726013184,176.928405761719,0.4296875,7164889641
121.529792785645,178.455413818359,0.4375,7164896547
120.950576782227,181.614776611328,0.4345703125,7164903996
120.108085632324,185.511322021484,0.43359375,7164910273
118.844345092773,190.355651855469,0.431640625,7164918927
117.422630310059,196.305786132813,0.4296875,7164925177
115.57967376709,202.361206054688,0.4296875,7164933954
113.420783996582,208.837860107422,0.4228515625,7164934089
110.998611450195,215.314544677734,0.4130859375,7164940217
107.733947753906,221.475280761719,0.404296875,7164948900
104.153350830078,227.425415039063,0.3955078125,7164955598
100.572746276855,233.533477783203,0.3876953125,7164963544
96.886833190918,239.115020751953,0.3798828125,7164970347
93.3062362670898,244.169982910156,0.3525390625,7164978507
89.1990737915039,248.961669921875,0.3193359375,7164985249
85.0392608642578,253.279449462891,0.22265625,7165000391
81.0900726318359,256.965362548828,0.099609375,7165008500
77.3515014648438,259.59814453125,0.0400390625,7165015527
132.218933105469,211.470672607422,0.2890625,7165165558
133.956588745117,211.733947753906,0.396484375,7165165790
134.483139038086,211.997222900391,0.4453125,7165165838
136.220779418945,212.892364501953,0.44140625,7165173375
137.484527587891,213.524261474609,0.455078125,7165180439
139.643417358398,214.682678222656,0.458984375,7165188750
142.328872680664,216.315002441406,0.4619140625,7165195341
145.751495361328,218.579223632813,0.4638671875,7165204180
150.016632080078,221.896545410156,0.4638671875,7165210659
154.860977172852,225.52978515625,0.46484375,7165219860
159.86328125,229.215698242188,0.4619140625,7165220051
164.865585327148,232.638336181641,0.458984375,7165226119
170.289138793945,236.166290283203,0.4638671875,7165233843
175.818008422852,239.746887207031,0.47265625,7165240547
181.399536132813,243.169525146484,0.48828125,7165249026
186.928405761719,246.328857421875,0.505859375,7165255381
192.50993347168,249.224945068359,0.5185546875,7165263803
198.038803100586,251.752410888672,0.5283203125,7165270730
203.199081420898,254.174591064453,0.533203125,7165279278
207.727478027344,256.175506591797,0.5341796875,7165285275
212.150573730469,258.123779296875,0.5302734375,7165294175
216.152420043945,259.861419677734,0.5263671875,7165300394
219.733032226563,261.651733398438,0.474609375,7165309042
222.839721679688,263.284057617188,0.404296875,7165316077
224.84065246582,264.284515380859,0.2744140625,7165330826
179.661895751953,331.578765869141,0.30859375,7166337710
178.97737121582,330.788909912109,0.4267578125,7166337907
178.819396972656,330.68359375,0.48046875,7166337954
178.819396972656,330.68359375,0.466796875,7166344492
178.819396972656,330.68359375,0.4716796875,7166351436
179.082672119141,331.052185058594,0.46484375,7166359893
179.661895751953,331.947357177734,0.4580078125,7166366929
180.50439453125,334.106231689453,0.4521484375,7166374587
181.504852294922,337.002319335938,0.4501953125,7166381618
182.663284301758,340.530242919922,0.44921875,7166390054
183.505767822266,345.637878417969,0.44921875,7166390179
184.400924682617,351.32470703125,0.44921875,7166396682
184.927490234375,358.643890380859,0.4384765625,7166404531
185.348724365234,366.121002197266,0.4248046875,7166411811
185.822631835938,373.756134033203,0.396484375,7166419728
185.927947998047,381.601837158203,0.361328125,7166426839
185.927947998047,388.447143554688,0.3134765625,7166434593
185.927947998047,394.133972167969,0.2607421875,7166441644
185.664657592773,398.662353515625,0.17578125,7166456615
196.933029174805,363.330261230469,0.3046875,7166576371
196.933029174805,362.856353759766,0.419921875,7166576573
197.038330078125,362.698394775391,0.47265625,7166576612
197.617553710938,362.698394775391,0.4619140625,7166584701
198.196762084961,362.698394775391,0.46875,7166591771
199.197235107422,362.856353759766,0.466796875,7166599730
200.882217407227,362.961669921875,0.462890625,7166606575
203.778289794922,362.961669921875,0.4619140625,7166614870
207.14826965332,362.856353759766,0.462890625,7166621338
210.886840820313,362.329803466797,0.4638671875,7166633226
215.309936523438,361.066040039063,0.4638671875,7166633379
220.259582519531,359.433715820313,0.46484375,7166636866
225.103927612305,357.380126953125,0.4580078125,7166645193
229.842956542969,354.852661132813,0.4482421875,7166651701
234.371368408203,352.219848632813,0.4267578125,7166660542
238.794464111328,349.271118164063,0.3994140625,7166667260
242.796310424805,345.637878417969,0.34765625,7166675466
246.060974121094,341.794006347656,0.287109375,7166682033
248.64111328125,338.160736083984,0.1923828125,7166697002
228.947799682617,318.362121582031,0.25390625,7166786809
227.104843139648,318.520080566406,0.34765625,7166787039
226.420318603516,318.625396728516,0.390625,7166787089
225.419860839844,318.993988037109,0.3916015625,7166795248
225.103927612305,319.415252685547,0.4111328125,7166801590
224.84065246582,320.047119140625,0.41796875,7166811500
224.577362060547,321.047576904297,0.4228515625,7166816858
224.419403076172,322.574584960938,0.4267578125,7166825533
224.419403076172,325.102081298828,0.4306640625,7166836323
224.577362060547,328.893310546875,0.4326171875,7166841653
224.84065246582,333.211090087891,0.4326171875,7166843909
225.26188659668,338.634643554688,0.43359375,7166847373
225.841110229492,345.374603271484,0.43359375,7166855121
226.525634765625,352.693756103516,0.43359375,7166862963
227.262817382813,361.171356201172,0.43359375,7166874261
228,369.806915283203,0.43359375,7166876753
228.684524536133,379.285003662109,0.43359375,7166885112
229.263748168945,387.815246582031,0.435546875,7166893376
229.948272705078,396.661437988281,0.4365234375,7166902233
230.527481079102,404.612487792969,0.4365234375,7166907983
230.94873046875,411.61572265625,0.4375,7166916461
231.369979858398,418.197692871094,0.439453125,7166922150
231.685913085938,424.516418457031,0.4228515625,7166930628
232.107162475586,429.571350097656,0.3984375,7166939064
232.528411865234,433.520568847656,0.3408203125,7166945181
232.949645996094,436.311340332031,0.271484375,7166951769
320.305786132813,263.020782470703,0.2578125,7167117257
319.7265625,262.652191162109,0.3544921875,7167117468
319.568603515625,262.652191162109,0.3984375,7167117520
318.726104736328,263.178741455078,0.390625,7167125119
318.304840087891,263.810638427734,0.400390625,7167132303
317.146423339844,265.442962646484,0.396484375,7167140492
315.040191650391,268.760284423828,0.3935546875,7167147162
312.19677734375,273.183380126953,0.3916015625,7167155655
308.616180419922,279.396759033203,0.390625,7167162309
304.772277832031,285.820770263672,0.390625,7167171437
300.665130615234,293.66650390625,0.3876953125,7167171699
296.821258544922,301.301605224609,0.38671875,7167177405
293.503936767578,308.357513427734,0.38671875,7167185410
290.660522460938,315.834655761719,0.388671875,7167195383
288.554260253906,322.311309814453,0.3896484375,7167200862
286.816619873047,327.892852783203,0.3896484375,7167206972
285.658203125,332.421234130859,0.390625,7167215894
285.131652832031,336.370452880859,0.392578125,7167222002
285.394927978516,339.52978515625,0.3935546875,7167230866
286.237426757813,342.057281494141,0.3935546875,7167236982
288.080383300781,343.952880859375,0.400390625,7167245816
290.660522460938,345.216613769531,0.41015625,7167252211
293.819854736328,345.848510742188,0.4169921875,7167260806
297.663726806641,345.848510742188,0.4248046875,7167267613
302.192138671875,345.216613769531,0.427734375,7167275661
306.931182861328,343.952880859375,0.4287109375,7167282399
311.617553710938,341.583374023438,0.4267578125,7167290802
316.461883544922,338.634643554688,0.42578125,7167297686
321.306243896484,335.738555908203,0.4189453125,7167306141
325.887298583984,332.421234130859,0.4091796875,7167312561
330.152435302734,329.261901855469,0.396484375,7167320872
333.680358886719,325.733947753906,0.3837890625,7167327536
336.681762695313,322.311309814453,0.3779296875,7167335804
338.945953369141,319.257263183594,0.375,7167342437
340.68359375,316.624481201172,0.375,7167351128
341.947357177734,314.570892333984,0.375,7167357584
342.842498779297,312.938568115234,0.37890625,7167366069
343.527008056641,311.780151367188,0.3876953125,7167372565
344.106231689453,311.04296875,0.3916015625,7167381006
344.685455322266,310.937652587891,0.3935546875,7167387446
345.264678955078,311.569519042969,0.39453125,7167396212
345.791229248047,312.938568115234,0.396484375,7167402434
346.528411865234,314.834167480469,0.3955078125,7167411054
347.528869628906,317.361663818359,0.39453125,7167417714
348.687286376953,320.415710449219,0.396484375,7167425933
350.109008789063,324.575531005859,0.3994140625,7167432633
351.951965332031,329.156585693359,0.4052734375,7167440836
354.216156005859,333.948272705078,0.4140625,7167447687
356.901611328125,339.161193847656,0.4169921875,7167456008
359.797698974609,344.742736816406,0.41796875,7167462683
362.746429443359,350.060974121094,0.419921875,7167471377
365.747802734375,354.852661132813,0.4248046875,7167477744
368.907165527344,359.539031982422,0.4169921875,7167486004
372.013854980469,364.120086669922,0.40234375,7167492724
375.173217773438,368.279907226563,0.3525390625,7167501090
377.858673095703,371.9658203125,0.2861328125,7167507610
380.175506591797,375.019866943359,0.189453125,7167522441
301.349639892578,404.243896484375,0.34375,7167688971
301.086364746094,405.139038085938,0.47265625,7167689248
300.770446777344,405.665588378906,0.53125,7167689304
300.770446777344,406.508056640625,0.51953125,7167695702
300.928405761719,407.139953613281,0.525390625,7167703015
301.349639892578,408.298400878906,0.51953125,7167710953
302.192138671875,410.457275390625,0.5126953125,7167717605
303.613861083984,413.8798828125,0.4990234375,7167726077
305.193542480469,418.039733886719,0.4833984375,7167732802
307.036499023438,422.620788574219,0.4765625,7167740801
308.932098388672,427.833740234375,0.4541015625,7167740978
310.617095947266,432.625427246094,0.4248046875,7167750372
312.19677734375,436.785217285156,0.3974609375,7167756161
313.302551269531,440.734436035156,0.3720703125,7167762917
314.303009033203,443.893737792969,0.34765625,7167771195
315.040191650391,446.31591796875,0.32421875,7167777793
315.46142578125,448.053588867188,0.296875,7167785941
315.724700927734,449.106689453125,0.26953125,7167792804
315.724700927734,449.106689453125,0.20703125,7167807584
315.303466796875,447.211059570313,0.1123046875,7167816383
314.460968017578,443.3671875,0.0478515625,7167822959
313.197235107422,396.029541015625,0.1875,7167884615
315.724700927734,394.871154785156,0.2568359375,7167884845
317.725646972656,394.765808105469,0.2890625,7167884892
320.884979248047,394.871154785156,0.2880859375,7167890766
322.569976806641,395.134399414063,0.298828125,7167900583
324.992156982422,395.502990722656,0.302734375,7167906326
328.151489257813,396.292846679688,0.3056640625,7167912742
331.83740234375,397.661865234375,0.3056640625,7167920985
335.681304931641,399.452209472656,0.3046875,7167927996
339.946411132813,401.189819335938,0.3046875,7167936415
343.948272705078,402.980163574219,0.306640625,7167936556
347.528869628906,404.875732421875,0.3115234375,7167943012
350.635559082031,406.666076660156,0.31640625,7167951464
353.373657226563,408.298400878906,0.3212890625,7167957985
355.479919433594,410.088684082031,0.3359375,7167966486
356.796295166016,411.984313964844,0.357421875,7167972851
357.638793945313,414.511779785156,0.37890625,7167981496
357.638793945313,417.039245605469,0.3994140625,7167987842
356.796295166016,419.566772460938,0.4091796875,7167997543
355.058654785156,422.620788574219,0.4150390625,7168002969
352.636474609375,425.411560058594,0.4150390625,7168013765
349.2138671875,428.465576171875,0.4140625,7168018084
345.106689453125,431.361633300781,0.412109375,7168026557
340.525634765625,434.52099609375,0.408203125,7168033151
335.681304931641,437.206481933594,0.4072265625,7168042470
331.152893066406,439.470642089844,0.408203125,7168049570
326.729797363281,441.366271972656,0.4150390625,7168057514
322.885925292969,442.998596191406,0.427734375,7168063110
319.7265625,444.525634765625,0.4443359375,7168072543
317.304382324219,445.68408203125,0.46484375,7168078703
315.46142578125,446.579223632813,0.48046875,7168086542
314.197692871094,447.31640625,0.4951171875,7168093152
313.618469238281,447.9482421875,0.5009765625,7168104060
313.881744384766,448.316833496094,0.5029296875,7168108055
315.198150634766,448.685424804688,0.50390625,7168116334
317.304382324219,448.94873046875,0.50390625,7168123063
320.305786132813,449.106689453125,0.50390625,7168131662
324.412933349609,449.212036132813,0.505859375,7168137863
329.573211669922,449.212036132813,0.5068359375,7168146707
335.417999267578,449.106689453125,0.5068359375,7168153132
342.368591308594,448.94873046875,0.5078125,7168161649
349.52978515625,448.685424804688,0.5078125,7168168146
356.796295166016,448.474853515625,0.5048828125,7168176514
364.168121337891,448.211547851563,0.50390625,7168183173
370.908081054688,447.842956542969,0.48046875,7168191706
377.279449462891,447.579650878906,0.4453125,7168198327
383.124237060547,447.31640625,0.314453125,7168213387
299.769989013672,537.357971191406,0.30859375,7169023753
299.348724365234,536.620788574219,0.4267578125,7169023927
299.769989013672,536.620788574219,0.48046875,7169023967
300.085906982422,536.831420898438,0.4697265625,7169031893
300.507171630859,537.252685546875,0.474609375,7169040364
301.349639892578,537.884521484375,0.470703125,7169047355
302.929321289063,538.621704101563,0.4697265625,7169053635
304.930267333984,539.780151367188,0.466796875,7169062426
307.457733154297,541.30712890625,0.46484375,7169068777
310.353820800781,543.202758789063,0.46484375,7169077482
313.302551269531,545.466979980469,0.4599609375,7169077595
316.198608398438,547.88916015625,0.4560546875,7169084175
319.042022705078,550.1533203125,0.423828125,7169093895
321.727478027344,552.575500488281,0.380859375,7169099143
324.149658203125,554.734436035156,0.3154296875,7169109797
325.992614746094,556.630004882813,0.2412109375,7169114009
327.309020996094,558.262329101563,0.1552734375,7169130366
262.594909667969,578.534851074219,0.2578125,7169234116
260.172760009766,579.272033691406,0.3564453125,7169234369
259.593536376953,579.903930664063,0.40234375,7169234419
259.014312744141,580.430480957031,0.39453125,7169243093
259.014312744141,580.799072265625,0.40234375,7169248647
259.330261230469,581.325622558594,0.40234375,7169257380
260.172760009766,581.95751953125,0.40234375,7169264224
261.752410888672,582.694702148438,0.404296875,7169272254
264.174591064453,583.484497070313,0.4072265625,7169279058
267.597229003906,584.2216796875,0.4091796875,7169287184
271.704376220703,584.748291015625,0.4091796875,7169287363
276.285461425781,584.958862304688,0.412109375,7169294759
281.287750244141,584.958862304688,0.40234375,7169302438
286.237426757813,585.116882324219,0.38671875,7169309285
291.081756591797,585.22216796875,0.3408203125,7169317679
295.504852294922,585.380126953125,0.283203125,7169324120
299.348724365234,585.748718261719,0.1904296875,7169339343
285.131652832031,628.031433105469,0.1796875,7169414195
279.971374511719,636.403686523438,0.2490234375,7169414359
278.391693115234,639.299743652344,0.28125,7169414409
275.442962646484,643.354248046875,0.2998046875,7169422068
274.284515380859,645.51318359375,0.3388671875,7169429134
273.020782470703,648.672546386719,0.3603515625,7169437525
271.704376220703,651.831848144531,0.376953125,7169443849
270.703918457031,654.622619628906,0.3876953125,7169453839
270.019409179688,657.30810546875,0.3984375,7169459259
269.703460693359,659.466979980469,0.4033203125,7169467806
270.019409179688,661.099304199219,0.4033203125,7169468007
270.861907958984,661.836486816406,0.40234375,7169473984
272.704864501953,661.836486816406,0.40234375,7169482777
275.127014160156,660.994018554688,0.404296875,7169489807
278.549652099609,658.571838378906,0.4072265625,7169497874
282.972747802734,655.412475585938,0.4130859375,7169504337
288.080383300781,651.357971191406,0.419921875,7169512716
293.925170898438,645.881774902344,0.427734375,7169521369
300.665130615234,639.931640625,0.4287109375,7169528206
307.194458007813,633.981506347656,0.427734375,7169534436
314.197692871094,627.294250488281,0.3984375,7169542808
321.569519042969,620.554260253906,0.357421875,7169549540
328.57275390625,612.866516113281,0.248046875,7169564524
359.060516357422,519.612915039063,0.2578125,7169729467
359.060516357422,519.770874023438,0.3564453125,7169729654
359.323791503906,520.139465332031,0.40234375,7169729702
360.324249267578,521.03466796875,0.392578125,7169738184
361.219390869141,521.66650390625,0.396484375,7169744761
362.483154296875,522.403686523438,0.392578125,7169752509
364.168121337891,523.193542480469,0.3916015625,7169759371
366.590301513672,523.825378417969,0.3779296875,7169767828
369.486389160156,524.457275390625,0.3583984375,7169774276
372.908996582031,524.93115234375,0.349609375,7169783149
376.594909667969,525.194458007813,0.310546875,7169783273
380.017547607422,525.194458007813,0.2607421875,7169789652
383.545501708984,525.089172363281,0.1767578125,7169804939
344.94873046875,560.052673339844,0.21484375,7169911761
342.947814941406,562.053588867188,0.294921875,7169912205
342.105316162109,563.212036132813,0.33203125,7169912277
341.684051513672,564.949645996094,0.3369140625,7169918797
341.684051513672,565.739501953125,0.3583984375,7169924452
341.947357177734,566.845275878906,0.3720703125,7169933146
342.684539794922,568.266967773438,0.3857421875,7169939342
343.948272705078,569.530700683594,0.3955078125,7169948235
345.791229248047,570.531188964844,0.404296875,7169954788
348.371368408203,571.163024902344,0.408203125,7169963355
351.530700683594,571.163024902344,0.4091796875,7169963498
355.216613769531,570.689147949219,0.412109375,7169969623
359.323791503906,569.530700683594,0.4111328125,7169979345
363.641571044922,567.898376464844,0.408203125,7169984637
368.064666748047,566.002746582031,0.3916015625,7169994624
372.435089111328,563.94921875,0.37109375,7169999792
376.436950683594,561.9482421875,0.32421875,7170008187
379.596313476563,560.052673339844,0.2666015625,7170014422
382.018463134766,558.36767578125,0.1787109375,7170031253
350.530242919922,583.484497070313,0.23046875,7170119538
348.213409423828,586.117309570313,0.318359375,7170119733
347.792144775391,587.275756835938,0.359375,7170119779
347.528869628906,588.539489746094,0.3671875,7170127784
347.528869628906,589.013366699219,0.3984375,7170134442
347.792144775391,589.80322265625,0.4140625,7170143267
348.529327392578,590.435119628906,0.4287109375,7170149793
349.52978515625,590.908996582031,0.4365234375,7170158164
351.109466552734,590.908996582031,0.4443359375,7170164879
353.215698242188,590.540405273438,0.447265625,7170175516
356.059112548828,589.645263671875,0.4443359375,7170175632
359.060516357422,588.381530761719,0.4404296875,7170179882
362.483154296875,586.749206542969,0.43359375,7170188807
366.063751220703,584.484985351563,0.4287109375,7170195017
369.749664306641,582.220764160156,0.4072265625,7170203008
373.593536376953,579.0087890625,0.3779296875,7170209789
377.174133300781,575.586120605469,0.314453125,7170217966
380.280822753906,571.952880859375,0.2373046875,7170224996
383.124237060547,568.161682128906,0.1513671875,7170242245
361.745971679688,511.661865234375,0.265625,7170376160
360.640197753906,512.399047851563,0.3642578125,7170376287
360.324249267578,513.399536132813,0.41015625,7170376308
360.060974121094,515.821716308594,0.3984375,7170382979
360.218933105469,517.348754882813,0.3994140625,7170389719
360.482208251953,520.402770996094,0.396484375,7170398430
361.061431884766,524.193969726563,0.39453125,7170406535
362.061889648438,528.511779785156,0.3916015625,7170413591
363.220336914063,534.093322753906,0.390625,7170419886
364.484069824219,539.780151367188,0.390625,7170428669
365.747802734375,545.572265625,0.390625,7170428774
367.064208984375,551.943664550781,0.392578125,7170434819
368.749206542969,557.999084472656,0.3935546875,7170443401
370.328857421875,563.685913085938,0.396484375,7170450681
372.013854980469,568.635559082031,0.3779296875,7170458633
373.856811523438,572.953369140625,0.3525390625,7170465386
375.594451904297,576.744567871094,0.2841796875,7170480376
377.279449462891,579.535339355469,0.162109375,7170488374
379.438323974609,581.536254882813,0.0693359375,7170495298
397.130706787109,525.721008300781,0.2578125,7170630353
397.657287597656,525.089172363281,0.3564453125,7170630521
398.815704345703,524.93115234375,0.40234375,7170630563
401.079895019531,524.93115234375,0.388671875,7170638074
402.817565917969,525.352416992188,0.3857421875,7170645073
405.239715576172,526.089599609375,0.3818359375,7170653515
408.662353515625,527.353332519531,0.37890625,7170660403
413.190765380859,528.88037109375,0.37890625,7170668078
418.035095214844,530.5126953125,0.380859375,7170675090
423.195373535156,532.039733886719,0.3818359375,7170683941
428.618927001953,533.672058105469,0.3818359375,7170684032
434.147796630859,535.09375,0.3828125,7170690367
439.255432128906,536.462829589844,0.3828125,7170698915
443.994445800781,537.7265625,0.384765625,7170705155
448.101623535156,539.148254394531,0.3857421875,7170713604
451.682220458984,540.67529296875,0.388671875,7170720166
454.525634765625,542.149658203125,0.3916015625,7170728208
456.684539794922,544.308532714844,0.3974609375,7170735199
457.948272705078,546.625427246094,0.40234375,7170743643
458.106231689453,549.258178710938,0.4072265625,7170750471
457.369049072266,552.154296875,0.40625,7170759081
455.526092529297,555.73486328125,0.404296875,7170765647
452.840637207031,559.894714355469,0.39453125,7170773448
449.417999267578,563.94921875,0.3828125,7170780101
445.416168212891,567.898376464844,0.373046875,7170788848
441.151031494141,571.531616210938,0.3642578125,7170795928
436.727935791016,575.112243652344,0.345703125,7170804306
432.462829589844,578.376892089844,0.322265625,7170810076
428.460968017578,581.325622558594,0.2724609375,7170818406
424.88037109375,583.853088378906,0.2109375,7170825491
421.773681640625,585.22216796875,0.1357421875,7170840563
414.085906982422,553.839233398438,0.2578125,7170945690
413.611999511719,553.575988769531,0.3544921875,7170945852
413.506683349609,553.839233398438,0.3984375,7170945889
413.08544921875,554.1025390625,0.388671875,7170953789
412.769500732422,554.471130371094,0.392578125,7170960521
412.348266601563,555.208312988281,0.388671875,7170968769
411.663726806641,556.366760253906,0.3876953125,7170975204
410.189361572266,557.735778808594,0.384765625,7170983929
408.662353515625,559.894714355469,0.380859375,7170990462
406.661437988281,563.054016113281,0.3798828125,7170999179
404.397216796875,566.371337890625,0.37890625,7170999301
401.501159667969,569.899291992188,0.37890625,7171005076
398.657745361328,573.479919433594,0.37890625,7171013950
395.972290039063,577.007873535156,0.37890625,7171020835
393.128875732422,580.167175292969,0.365234375,7171029910
390.390747070313,583.58984375,0.3466796875,7171035690
387.968597412109,586.643859863281,0.30078125,7171045783
385.967681884766,589.013366699219,0.2431640625,7171051061
384.440643310547,590.8037109375,0.162109375,7171065826
418.614318847656,576.007385253906,0.1953125,7171171124
418.772277832031,575.849426269531,0.2705078125,7171171683
418.772277832031,576.007385253906,0.3046875,7171171751
418.456359863281,576.218017578125,0.3076171875,7171178432
418.035095214844,576.481323242188,0.3271484375,7171185207
417.192596435547,577.007873535156,0.3388671875,7171193770
415.928863525391,578.166259765625,0.3486328125,7171200649
413.769989013672,579.640625,0.35546875,7171209109
410.663269042969,581.799560546875,0.3603515625,7171215908
406.819396972656,585.116882324219,0.3623046875,7171224321
402.659576416016,588.644775390625,0.3623046875,7171224434
397.973205566406,592.067443847656,0.365234375,7171231627
392.970886230469,595.384765625,0.3662109375,7171239230
388.284515380859,598.912719726563,0.369140625,7171248072
383.703460693359,602.703918457031,0.3720703125,7171254245
379.596313476563,606.284545898438,0.3759765625,7171262234
375.857727050781,609.443908691406,0.3798828125,7171269189
372.435089111328,612.07666015625,0.3857421875,7171276555
369.907623291016,614.604187011719,0.38671875,7171284230
367.906707763672,616.763061523438,0.38671875,7171290765
366.484985351563,618.553344726563,0.388671875,7171299567
365.484527587891,620.185668945313,0.3916015625,7171305639
365.326568603516,621.344116210938,0.3955078125,7171314658
365.747802734375,622.2392578125,0.3994140625,7171320659
366.90625,622.713134765625,0.4052734375,7171329319
368.749206542969,622.871154785156,0.412109375,7171335914
371.434631347656,622.449890136719,0.416015625,7171344409
375.015228271484,621.817993164063,0.4189453125,7171350822
378.859130859375,620.817565917969,0.4228515625,7171359442
383.018951416016,619.659118652344,0.4267578125,7171366087
387.284057617188,617.921447753906,0.42578125,7171374328
391.285919189453,616.289123535156,0.423828125,7171380921
395.129791259766,614.762145996094,0.4228515625,7171389007
398.078521728516,613.340393066406,0.421875,7171395953
400.500701904297,612.234619140625,0.421875,7171404131
402.396301269531,611.181518554688,0.423828125,7171411103
403.660034179688,610.4443359375,0.41796875,7171419357
403.238800048828,610.181091308594,0.4033203125,7171434501
401.817077636719,610.4443359375,0.388671875,7171441202
399.552886962891,611.602783203125,0.3779296875,7171450521
396.393524169922,613.0771484375,0.3681640625,7171455766
392.707611083984,614.972778320313,0.3623046875,7171464077
388.705780029297,617.394897460938,0.3583984375,7171471539
384.545959472656,620.185668945313,0.3564453125,7171479093
380.702087402344,623.081726074219,0.35546875,7171486015
377.174133300781,626.399047851563,0.35546875,7171494586
373.593536376953,629.558410644531,0.35546875,7171501208
370.592132568359,632.349182128906,0.35546875,7171509470
368.064666748047,635.245239257813,0.357421875,7171515904
366.063751220703,637.667419433594,0.3671875,7171524080
364.642028808594,639.668334960938,0.3798828125,7171531428
363.641571044922,641.616638183594,0.39453125,7171539501
363.062347412109,642.985656738281,0.4130859375,7171546185
363.062347412109,644.144104003906,0.4296875,7171554373
363.641571044922,644.881286621094,0.4453125,7171561521
364.747344970703,645.407836914063,0.45703125,7171569516
366.327026367188,645.407836914063,0.46875,7171576354
368.591217041016,644.776000976563,0.4775390625,7171584387
371.434631347656,643.722839355469,0.48828125,7171591039
374.857269287109,642.353820800781,0.4931640625,7171599266
378.279907226563,640.089599609375,0.4970703125,7171605925
381.860504150391,637.667419433594,0.4990234375,7171614356
385.441101074219,634.981994628906,0.501953125,7171620979
389.127014160156,632.349182128906,0.5009765625,7171629843
392.707611083984,629.558410644531,0.5,7171636199
396.393524169922,626.767639160156,0.4951171875,7171647431
399.658203125,624.240173339844,0.4892578125,7171650999
402.659576416016,621.449401855469,0.4814453125,7171659885
405.345031738281,619.027221679688,0.4736328125,7171666232
407.767211914063,616.763061523438,0.4658203125,7171674603
409.768127441406,614.972778320313,0.4599609375,7171681104
411.663726806641,613.498413085938,0.4580078125,7171690424
413.08544921875,612.234619140625,0.458984375,7171696357
414.085906982422,611.181518554688,0.455078125,7171704404
414.928405761719,610.4443359375,0.4521484375,7171711283
415.507629394531,609.917785644531,0.4501953125,7171719568
415.928863525391,609.549194335938,0.44921875,7171725914
416.350128173828,609.180603027344,0.44921875,7171734437
416.613403320313,608.917297363281,0.451171875,7171741234
416.771362304688,608.81201171875,0.4521484375,7171749315
416.929321289063,608.81201171875,0.455078125,7171756248
416.929321289063,608.81201171875,0.4560546875,7171764568
417.192596435547,609.022644042969,0.4560546875,7171771512
417.3505859375,609.180603027344,0.4609375,7171779714
417.771820068359,609.654479980469,0.466796875,7171786224
418.351043701172,610.286376953125,0.47265625,7171794814
419.351501464844,611.44482421875,0.4775390625,7171801100
420.773223876953,612.866516113281,0.4833984375,7171809706
422.774139404297,614.498840332031,0.4921875,7171816021
425.196319580078,616.499755859375,0.4990234375,7171824813
428.039733886719,619.29052734375,0.50390625,7171831391
431.567657470703,622.449890136719,0.5087890625,7171839784
435.569519042969,626.399047851563,0.5126953125,7171848361
439.992614746094,630.190307617188,0.5146484375,7171855190
444.257751464844,633.981506347656,0.517578125,7171861366
448.680816650391,637.404174804688,0.5185546875,7171869701
453.261901855469,640.721496582031,0.521484375,7171877171
457.527008056641,643.880859375,0.5205078125,7171884560
461.370910644531,646.776916503906,0.51953125,7171891319
464.793548583984,649.462341308594,0.51953125,7171900345
467.794921875,651.621276855469,0.51953125,7171906255
470.217102050781,653.253601074219,0.5,7171914396
472.06005859375,654.780578613281,0.4736328125,7171922703
473.481750488281,655.886352539063,0.419921875,7171929872
474.324249267578,656.676208496094,0.3564453125,7171936373
474.482208251953,657.150085449219,0.2421875,7171951093
400.658660888672,627.768127441406,0.34375,7172101349
400.395385742188,627.557495117188,0.47265625,7172101552
400.395385742188,627.662841796875,0.53125,7172101599
400.395385742188,627.926086425781,0.51953125,7172109430
400.500701904297,628.294677734375,0.525390625,7172116753
400.816619873047,628.926574707031,0.521484375,7172124755
401.079895019531,630.190307617188,0.5205078125,7172131686
401.659118652344,632.0859375,0.517578125,7172139751
402.238342285156,634.35009765625,0.515625,7172146663
402.9228515625,637.404174804688,0.515625,7172154824
403.818023681641,641.195373535156,0.515625,7172154978
404.818481445313,645.671142578125,0.517578125,7172161759
405.818939208984,650.357482910156,0.5244140625,7172170135
406.819396972656,655.517761230469,0.537109375,7172176668
407.767211914063,661.467895507813,0.546875,7172184860
408.767669677734,667.312683105469,0.556640625,7172191556
409.662811279297,672.99951171875,0.560546875,7172199764
410.505310058594,678.686401367188,0.5615234375,7172206698
411.505767822266,684.425842285156,0.564453125,7172214587
412.190307617188,689.849426269531,0.5673828125,7172221572
412.927490234375,694.799072265625,0.5693359375,7172230279
413.506683349609,699.327453613281,0.5693359375,7172236727
414.085906982422,703.276672363281,0.5615234375,7172245220
414.349182128906,706.804626464844,0.548828125,7172251495
414.612457275391,709.753356933594,0.5166015625,7172260273
414.612457275391,712.017578125,0.478515625,7172266415
414.612457275391,713.807861328125,0.3974609375,7172275310
414.191223144531,713.018005371094,0.23828125,7172297490
407.345947265625,647.040161132813,0.33984375,7172416466
406.503479003906,647.1455078125,0.4658203125,7172416686
406.345489501953,647.408752441406,0.5234375,7172416745
405.660980224609,648.040649414063,0.513671875,7172424694
405.345031738281,648.567199707031,0.525390625,7172431697
404.660522460938,649.567687988281,0.5263671875,7172440080
403.502075195313,651.463256835938,0.5263671875,7172446497
401.975067138672,653.727478027344,0.5244140625,7172455156
399.97412109375,656.3076171875,0.5234375,7172461926
397.657287597656,659.045715332031,0.5234375,7172470396
395.39306640625,662.099792480469,0.5234375,7172470643
392.707611083984,665.259094238281,0.5234375,7172477086
389.969512939453,668.576416015625,0.5146484375,7172485276
387.126098632813,671.630493164063,0.50390625,7172491865
384.440643310547,674.421264648438,0.470703125,7172500159
381.860504150391,676.790771484375,0.427734375,7172506831
379.438323974609,678.844360351563,0.3271484375,7172521604
377.279449462891,680.476684570313,0.173828125,7172530916
375.594451904297,681.635131835938,0.072265625,7172538094
409.241577148438,659.203674316406,0.3046875,7172656560
410.505310058594,659.835571289063,0.4169921875,7172656802
411.927032470703,661.099304199219,0.46875,7172656852
414.612457275391,662.468383789063,0.4755859375,7172664799
416.0341796875,663.626770019531,0.5048828125,7172671835
418.351043701172,665.15380859375,0.5166015625,7172680894
421.194458007813,667.418029785156,0.5234375,7172687444
424.459136962891,670.366760253906,0.5263671875,7172695373
428.039733886719,673.368103027344,0.5263671875,7172701897
431.883605957031,676.422180175781,0.52734375,7172710568
435.885437011719,679.318237304688,0.529296875,7172710773
439.834655761719,681.845703125,0.5322265625,7172718319
443.678527832031,684.267883300781,0.5361328125,7172725444
447.259124755859,686.426818847656,0.5419921875,7172731793
450.839721679688,688.059143066406,0.54296875,7172742793
454.104400634766,689.480834960938,0.54296875,7172747233
457.211090087891,690.481323242188,0.4892578125,7172755158
460.370452880859,691.218505859375,0.4130859375,7172762264
