83.775520324707,259.861419677734,0.16015625,5725493030
82.5117797851563,260.019409179688,0.2216796875,5725493212
81.9325637817383,259.861419677734,0.25,5725493270
81.6692810058594,260.230010986328,0.25390625,5725501104
81.5113143920898,260.230010986328,0.2724609375,5725508332
81.0900726318359,260.388000488281,0.2841796875,5725516151
80.7741317749023,260.493316650391,0.296875,5725523182
80.7741317749023,260.493316650391,0.296875,5725531112
80.9320983886719,260.230010986328,0.294921875,5725538139
81.1953811645508,260.124725341797,0.2939453125,5725546450
81.6692810058594,260.019409179688,0.291015625,5725546666
82.5117797851563,259.756134033203,0.2890625,5725553242
83.9334869384766,259.387542724609,0.291015625,5725561733
85.6184768676758,258.860961914063,0.2939453125,5725568248
87.9353332519531,258.229095458984,0.3037109375,5725576344
91.1999969482422,257.333953857422,0.3173828125,5725584036
94.8859100341797,256.33349609375,0.326171875,5725591373
99.0457305908203,254.911773681641,0.33203125,5725598108
103.468818664551,253.648040771484,0.3349609375,5725609359
108.313163757324,252.542266845703,0.337890625,5725613037
113.157508850098,251.489135742188,0.3388671875,5725621354
117.685913085938,250.751953125,0.3388671875,5725628292
121.529792785645,250.120086669922,0.33984375,5725636868
124.794456481934,249.751495361328,0.341796875,5725643157
127.532562255859,249.593536376953,0.3017578125,5725651720
129.638793945313,249.488220214844,0.2431640625,5725658519
131.218475341797,249.382904052734,0.16015625,5725673308
117.10669708252,216.68359375,0.20703125,5725839469
116.106239318848,216.946868896484,0.2841796875,5725839663
115.684989929199,217.684051513672,0.3203125,5725839715
115.263740539551,218.105316162109,0.3232421875,5725846129
115.105773925781,218.210632324219,0.3427734375,5725853567
115.000465393066,218.737182617188,0.3486328125,5725861848
114.842491149902,219.211090087891,0.3505859375,5725868542
114.842491149902,220.106231689453,0.349609375,5725876678
114.842491149902,221.633270263672,0.345703125,5725883168
115.000465393066,224.160736083984,0.3447265625,5725891624
115.105773925781,227.056823730469,0.345703125,5725891754
115.263740539551,231.111328125,0.3486328125,5725898412
115.42170715332,236.587524414063,0.34765625,5725906935
115.684989929199,243.011535644531,0.345703125,5725913409
116.000923156738,251.120544433594,0.341796875,5725921559
116.264205932617,260.124725341797,0.337890625,5725928730
116.685447692871,270.024017333984,0.3369140625,5725936786
117.001388549805,279.607391357422,0.337890625,5725944672
117.264663696289,289.138092041016,0.3388671875,5725951479
117.527946472168,298.352874755859,0.341796875,5725958435
117.843879699707,306.883148193359,0.3427734375,5725966452
118.107162475586,314.939483642578,0.345703125,5725973913
118.423095703125,321.942718505859,0.3466796875,5725981556
118.686370849609,328.366729736328,0.349609375,5725988628
118.949653625488,334.316864013672,0.3486328125,5725996602
119.107620239258,339.424468994141,0.345703125,5726003634
119.265586853027,343.952880859375,0.3232421875,5726011494
119.265586853027,347.744110107422,0.29296875,5726018505
119.107620239258,350.798156738281,0.205078125,5726033529
108.155197143555,264.284515380859,0.19140625,5726213625
107.575981140137,264.284515380859,0.263671875,5726213828
107.154731750488,264.284515380859,0.296875,5726213873
106.417549133301,264.547821044922,0.310546875,5726221345
106.154273986816,264.811096191406,0.34375,5726228774
105.890991210938,265.074371337891,0.3603515625,5726236998
105.417091369629,265.337646484375,0.3720703125,5726243822
104.99584197998,265.706237792969,0.37890625,5726252178
104.153350830078,266.180145263672,0.3857421875,5726259049
103.152885437012,266.969970703125,0.388671875,5726266928
101.99446105957,267.970428466797,0.3896484375,5726267085
100.730712890625,269.234191894531,0.390625,5726273835
99.1510391235352,270.866516113281,0.3857421875,5726282111
97.4660491943359,272.814788818359,0.3818359375,5726288876
95.3071594238281,275.342254638672,0.37109375,5726296793
93.0429534912109,277.975067138672,0.359375,5726303904
90.7787551879883,280.871124267578,0.34375,5726311764
87.9353332519531,283.556579589844,0.3271484375,5726318838
85.1972274780273,286.452667236328,0.2919921875,5726327188
82.6170883178711,289.138092041016,0.248046875,5726333836
80.3528900146484,291.560272216797,0.1689453125,5726348644
114,266.969970703125,0.2421875,5726483827
116.422172546387,269.392150878906,0.3330078125,5726484060
118.52840423584,271.287750244141,0.375,5726484107
122.530250549316,274.078521728516,0.3681640625,5726491633
124.373207092285,275.552886962891,0.375,5726499250
126.795379638672,277.869750976563,0.375,5726506942
129.954727172852,280.660522460938,0.375,5726514036
133.956588745117,284.083129882813,0.333984375,5726522122
138.063735961914,287.716400146484,0.2744140625,5726528782
142.644805908203,292.402770996094,0.1826171875,5726537316
146.593994140625,296.615234375,0.0791015625,5726545713
147.489151000977,255.069732666016,0.2265625,5729156039
147.173217773438,255.069732666016,0.3125,5729156285
147.067901611328,255.175048828125,0.3515625,5729156332
147.067901611328,254.911773681641,0.3427734375,5729164314
147.173217773438,254.806457519531,0.34765625,5729171330
147.489151000977,254.701141357422,0.345703125,5729179402
148.173675537109,254.437866210938,0.341796875,5729186203
148.910858154297,254.174591064453,0.3408203125,5729194799
149.911315917969,253.648040771484,0.33984375,5729201192
151.333023071289,253.279449462891,0.33984375,5729209916
152.912704467773,252.647583007813,0.341796875,5729210135
154.755661010742,252.015716552734,0.3466796875,5729215867
157.019866943359,251.489135742188,0.3515625,5729225010
159.86328125,251.015228271484,0.3564453125,5729231634
162.706695556641,250.383361816406,0.3583984375,5729239716
165.708084106445,249.856811523438,0.3583984375,5729246165
168.551498413086,249.382904052734,0.361328125,5729254637
171.394912719727,248.856353759766,0.3642578125,5729261317
174.238342285156,248.224487304688,0.3662109375,5729270130
177.239715576172,247.4873046875,0.3662109375,5729276415
180.241104125977,246.697448730469,0.369140625,5729285750
182.821243286133,245.960266113281,0.3720703125,5729291327
184.927490234375,245.065124511719,0.3740234375,5729299947
186.823089599609,244.433258056641,0.376953125,5729306418
188.086837768555,243.906707763672,0.3671875,5729314623
188.929336547852,243.538116455078,0.3515625,5729321373
189.508544921875,243.169525146484,0.2841796875,5729336408
189.771820068359,242.800933837891,0.16015625,5729344957
189.929794311523,242.379669189453,0.0693359375,5729351836
181.662811279297,236.587524414063,0.14453125,5729411407
180.50439453125,236.060974121094,0.1982421875,5729411641
180.241104125977,236.060974121094,0.22265625,5729411691
179.661895751953,235.6923828125,0.2294921875,5729420164
179.556579589844,235.534423828125,0.2490234375,5729426364
179.240646362305,235.323791503906,0.2626953125,5729434629
178.819396972656,234.902526855469,0.2763671875,5729441569
178.398147583008,234.533935546875,0.2900390625,5729449463
177.976898193359,234.165344238281,0.3056640625,5729456667
177.397689819336,233.796752929688,0.3125,5729465274
176.976440429688,233.428161621094,0.32421875,5729465444
176.660507202148,233.164886474609,0.3369140625,5729471498
176.397232055664,233.006927490234,0.3544921875,5729479875
176.133941650391,233.006927490234,0.373046875,5729487842
175.975982666016,233.533477783203,0.3876953125,5729494987
175.818008422852,234.428649902344,0.4013671875,5729502161
175.975982666016,236.166290283203,0.404296875,5729510012
176.133941650391,238.746429443359,0.40625,5729516092
176.555191040039,242.379669189453,0.408203125,5729525299
176.976440429688,247.066040039063,0.4130859375,5729531356
177.5556640625,252.278991699219,0.416015625,5729539831
178.240188598633,258.334411621094,0.4169921875,5729546552
179.240646362305,264.916412353516,0.419921875,5729554189
180.241104125977,272.024932861328,0.4228515625,5729561600
181.399536132813,278.764892578125,0.4267578125,5729571284
182.505310058594,285.452178955078,0.4326171875,5729576880
183.821716308594,292.192138671875,0.435546875,5729585556
185.348724365234,298.352874755859,0.4384765625,5729592219
186.665130615234,304.197692871094,0.4404296875,5729600024
187.665588378906,309.515930175781,0.443359375,5729606871
188.508087158203,314.570892333984,0.4462890625,5729614797
189.087295532227,318.993988037109,0.4521484375,5729621828
189.508544921875,322.943176269531,0.453125,5729630245
189.771820068359,326.365814208984,0.451171875,5729637762
189.929794311523,328.998626708984,0.447265625,5729644975
190.087753295898,331.052185058594,0.443359375,5729651595
189.771820068359,331.947357177734,0.4140625,5729666412
189.087295532227,331.947357177734,0.3857421875,5729675278
188.24479675293,330.946868896484,0.3583984375,5729681360
187.349655151367,328.524719238281,0.3154296875,5729689681
186.349197387695,325.102081298828,0.2685546875,5729696653
185.08544921875,321.152893066406,0.1826171875,5729711697
177.818939208984,268.760284423828,0.1953125,5729801615
177.66096496582,267.338562011719,0.267578125,5729801695
177.5556640625,267.075286865234,0.30078125,5729801706
176.976440429688,267.075286865234,0.318359375,5729809758
176.660507202148,267.338562011719,0.3583984375,5729816544
176.2392578125,267.970428466797,0.3798828125,5729825075
175.660049438477,268.970886230469,0.396484375,5729831588
174.975524902344,270.761199951172,0.4033203125,5729840276
173.817092895508,272.920104980469,0.4072265625,5729846739
172.290069580078,275.816162109375,0.4091796875,5729855331
170.289138793945,279.396759033203,0.41796875,5729855472
167.972290039063,283.451263427734,0.4306640625,5729861731
165.550109863281,287.347808837891,0.443359375,5729870340
163.127944946289,291.770904541016,0.4580078125,5729877164
160.600463867188,295.825408935547,0.4580078125,5729886445
158.283599853516,299.616638183594,0.4541015625,5729891812
156.177368164063,302.828643798828,0.412109375,5729899430
154.334411621094,305.619384765625,0.3564453125,5729906923
152.754730224609,307.620330810547,0.2431640625,5729921973
161.127014160156,284.8203125,0.140625,5729996786
165.023559570313,280.765808105469,0.1943359375,5729997031
168.393539428711,279.502075195313,0.21875,5729997088
172.395385742188,277.975067138672,0.2275390625,5730005281
174.133026123047,277.501159667969,0.251953125,5730011575
176.555191040039,276.974609375,0.27734375,5730020291
179.977828979492,276.711303710938,0.306640625,5730027108
183.66374206543,276.974609375,0.3349609375,5730035837
187.665588378906,277.711791992188,0.36328125,5730042082
191.667434692383,279.396759033203,0.3759765625,5730050362
195.616622924805,281.5556640625,0.3876953125,5730050540
199.881759643555,283.925170898438,0.400390625,5730056916
203.883605957031,286.873901367188,0.408203125,5730065663
207.622177124023,289.611999511719,0.416015625,5730072140
211.044799804688,292.192138671875,0.404296875,5730080364
214.151504516602,294.824951171875,0.38671875,5730086960
217.152893066406,297.352416992188,0.275390625,5730102017
276.285461425781,224.897918701172,0.17578125,5730672593
275.127014160156,224.266052246094,0.2421875,5730672805
274.442504882813,224.055419921875,0.2734375,5730672852
274.021240234375,223.423553466797,0.28125,5730680260
274.021240234375,223.160278320313,0.306640625,5730687028
274.021240234375,222.897003173828,0.3232421875,5730695628
274.021240234375,222.633728027344,0.3408203125,5730702669
274.021240234375,222.26513671875,0.349609375,5730711130
274.284515380859,221.896545410156,0.35546875,5730717983
274.547821044922,221.633270263672,0.3662109375,5730732317
275.285003662109,221.633270263672,0.37109375,5730732477
275.969512939453,222.107147216797,0.3779296875,5730741242
276.864654541016,223.160278320313,0.384765625,5730747742
277.707153320313,224.687286376953,0.390625,5730756120
278.549652099609,226.582916259766,0.3955078125,5730762586
279.392150878906,228.583831787109,0.3994140625,5730770908
279.971374511719,230.742736816406,0.4033203125,5730777668
280.550567626953,233.270202636719,0.3837890625,5730786090
280.813842773438,235.797698974609,0.35546875,5730792637
280.813842773438,238.588439941406,0.25,5730807830
250.220779418945,257.228637695313,0.2734375,5730942825
250.06282043457,257.333953857422,0.375,5730943074
250.220779418945,257.491912841797,0.421875,5730943135
250.642028808594,257.702545166016,0.4072265625,5730950528
250.905319213867,257.9658203125,0.4052734375,5730957469
251.747802734375,258.334411621094,0.3984375,5730966041
252.748260498047,258.860961914063,0.3955078125,5730972994
253.906692504883,259.59814453125,0.39453125,5730981765
255.065124511719,260.493316650391,0.39453125,5730987802
256.1708984375,261.493774414063,0.39453125,5730996308
257.171356201172,262.652191162109,0.376953125,5730996468
258.066497802734,264.073913574219,0.3515625,5731002943
258.593078613281,265.442962646484,0.2685546875,5731017899
259.014312744141,267.338562011719,0.1396484375,5731026202
259.330261230469,269.128875732422,0.05859375,5731032664
260.014770507813,252.542266845703,0.15625,5731137938
260.488677978516,251.120544433594,0.21484375,5731138110
260.751953125,250.225402832031,0.2421875,5731138159
261.436492919922,249.382904052734,0.25,5731145710
262.015716552734,248.961669921875,0.275390625,5731153590
262.752899169922,248.487762451172,0.2880859375,5731161042
263.753356933594,247.697906494141,0.296875,5731168031
265.01708984375,246.802764892578,0.3017578125,5731176574
266.754730224609,245.960266113281,0.3056640625,5731182865
269.176910400391,244.907165527344,0.3076171875,5731191557
271.862365722656,244.169982910156,0.3056640625,5731191660
274.863739013672,243.274841308594,0.3046875,5731197895
277.865112304688,242.537658691406,0.306640625,5731206551
281.287750244141,241.642486572266,0.3115234375,5731212921
285.131652832031,240.747344970703,0.3125,5731222072
288.975524902344,240.010162353516,0.3125,5731229511
292.661437988281,239.378295898438,0.314453125,5731236503
296.347351074219,238.851745605469,0.3173828125,5731243735
300.085906982422,238.483154296875,0.3212890625,5731251170
303.3505859375,238.325164794922,0.3251953125,5731257688
306.351959228516,238.588439941406,0.3330078125,5731266291
309.195373535156,239.220336914063,0.34375,5731273154
311.459594726563,240.010162353516,0.359375,5731281224
313.618469238281,241.115936279297,0.376953125,5731290637
315.040191650391,242.800933837891,0.396484375,5731296440
316.040649414063,244.696533203125,0.41796875,5731303480
316.725158691406,247.224029541016,0.4296875,5731311428
316.883148193359,249.751495361328,0.4375,5731318202
316.883148193359,252.805541992188,0.4404296875,5731326214
316.461883544922,255.806915283203,0.4404296875,5731333063
315.882690429688,258.860961914063,0.443359375,5731341884
315.040191650391,261.651733398438,0.4462890625,5731348435
314.039733886719,264.547821044922,0.4287109375,5731357219
313.039276123047,267.075286865234,0.4033203125,5731362973
311.617553710938,269.128875732422,0.328125,5731378070
310.195831298828,270.655883789063,0.1884765625,5731386683
308.774139404297,271.656341552734,0.0810546875,5731392792
261.173217773438,274.710388183594,0.2578125,5731559491
260.751953125,274.815704345703,0.3564453125,5731559651
261.173217773438,274.710388183594,0.40234375,5731559696
261.594451904297,274.552429199219,0.392578125,5731566361
262.331634521484,274.289154052734,0.396484375,5731573321
263.332092285156,273.815246582031,0.392578125,5731582010
264.753814697266,273.183380126953,0.3916015625,5731587962
266.596771240234,272.551513671875,0.390625,5731596506
269.176910400391,271.761657714844,0.390625,5731603498
272.020324707031,271.024475097656,0.390625,5731611446
275.021697998047,270.129333496094,0.390625,5731611648
277.970428466797,269.234191894531,0.390625,5731618281
281.129791259766,268.339019775391,0.390625,5731626682
284.236480712891,267.601837158203,0.390625,5731633317
287.659118652344,266.706695556641,0.3876953125,5731642972
290.818481445313,266.074829101563,0.38671875,5731648452
293.661895751953,265.548278808594,0.388671875,5731656494
296.242034912109,265.1796875,0.3916015625,5731663338
298.664215087891,264.916412353516,0.390625,5731671806
300.507171630859,264.811096191406,0.390625,5731678199
301.928863525391,264.811096191406,0.3671875,5731686859
302.613403320313,264.811096191406,0.333984375,5731693099
303.087310791016,265.1796875,0.234375,5731708383
251.221252441406,297.510406494141,0.24609375,5731828338
248.904388427734,298.142272949219,0.3369140625,5731828540
248.64111328125,298.247589111328,0.37890625,5731828582
248.483139038086,298.510864257813,0.3701171875,5731836157
248.799072265625,298.510864257813,0.375,5731843553
249.325637817383,298.352874755859,0.373046875,5731852298
250.642028808594,298.142272949219,0.37109375,5731858680
252.221710205078,297.721008300781,0.37109375,5731866997
254.169982910156,296.983825683594,0.373046875,5731873694
256.592132568359,295.983367919922,0.3740234375,5731882500
259.488220214844,294.930267333984,0.3740234375,5731882661
263.174133300781,293.824493408203,0.375,5731888658
267.175994873047,292.560729980469,0.37890625,5731897010
271.283142089844,291.296997070313,0.3876953125,5731903556
275.706237792969,290.033264160156,0.3935546875,5731911821
280.287292480469,288.769500732422,0.3984375,5731918632
285.236938476563,287.611083984375,0.3984375,5731926823
290.2392578125,286.452667236328,0.3984375,5731933556
294.8203125,285.346893310547,0.3984375,5731942172
299.506683349609,284.188446044922,0.400390625,5731948547
303.613861083984,283.18798828125,0.4013671875,5731959233
307.931640625,282.398162841797,0.4013671875,5731963626
311.617553710938,281.660980224609,0.3935546875,5731972003
314.724243164063,281.134399414063,0.380859375,5731978569
317.304382324219,280.765808105469,0.3427734375,5731987189
319.305297851563,280.502532958984,0.294921875,5731993350
320.884979248047,280.397216796875,0.2001953125,5732009041
301.928863525391,285.452178955078,0.1875,5732144000
300.665130615234,285.452178955078,0.2568359375,5732144213
300.085906982422,285.557495117188,0.2890625,5732144261
299.506683349609,285.820770263672,0.2861328125,5732151719
299.243408203125,286.084075927734,0.2939453125,5732158750
298.769500732422,286.610626220703,0.29296875,5732167164
298.348266601563,287.242492675781,0.29296875,5732173888
298.084991455078,288.137634277344,0.291015625,5732182229
297.927032470703,289.611999511719,0.2890625,5732188890
297.927032470703,291.665588378906,0.2890625,5732197285
298.242950439453,294.087768554688,0.2890625,5732197465
298.664215087891,296.878509521484,0.291015625,5732203900
299.08544921875,300.143188476563,0.2939453125,5732212105
299.506683349609,303.8291015625,0.2998046875,5732219186
300.085906982422,307.620330810547,0.306640625,5732227172
300.665130615234,311.674835205078,0.314453125,5732233333
301.191680908203,315.6240234375,0.3203125,5732242642
301.928863525391,319.415252685547,0.3251953125,5732248704
302.508087158203,323.048492431641,0.3271484375,5732257365
303.087310791016,326.471130371094,0.330078125,5732263660
303.508544921875,329.419860839844,0.3310546875,5732272396
303.771820068359,331.789367675781,0.3310546875,5732278496
303.929779052734,333.842956542969,0.3232421875,5732287356
303.929779052734,335.369964599609,0.3125,5732293639
303.771820068359,336.475738525391,0.2578125,5732308593
303.508544921875,337.107635498047,0.1494140625,5732317125
303.087310791016,337.107635498047,0.064453125,5732323957
290.818481445313,299.774597167969,0.15234375,5732432588
290.502532958984,299.142730712891,0.2109375,5732432828
290.397216796875,298.984771728516,0.23828125,5732433137
289.975982666016,299.142730712891,0.2490234375,5732436967
289.660034179688,299.511322021484,0.27734375,5732443888
289.238800048828,300.037872314453,0.29296875,5732452327
288.659576416016,301.301605224609,0.3056640625,5732458781
287.659118652344,302.828643798828,0.3232421875,5732467682
286.395385742188,304.724243164063,0.345703125,5732474290
284.973663330078,306.988464355469,0.3564453125,5732482450
283.393981933594,309.515930175781,0.3701171875,5732482578
281.287750244141,312.201385498047,0.3837890625,5732489201
279.128875732422,314.570892333984,0.39453125,5732497610
276.969970703125,317.25634765625,0.404296875,5732504172
274.863739013672,319.625854492188,0.3974609375,5732512339
273.020782470703,321.942718505859,0.3828125,5732519295
271.441101074219,323.838348388672,0.3154296875,5732534055
269.861419677734,325.365356445313,0.18359375,5732542631
268.703002929688,326.365814208984,0.0791015625,5732549338
300.349182128906,301.775512695313,0.16015625,5732654297
304.930267333984,301.670196533203,0.2216796875,5732654475
307.194458007813,301.933502197266,0.25,5732654521
310.353820800781,302.933959960938,0.2578125,5732662051
312.038787841797,303.671142578125,0.28125,5732669216
314.724243164063,304.829559326172,0.294921875,5732677531
317.883605957031,306.251281738281,0.3056640625,5732684336
321.148254394531,307.883605957031,0.3125,5732692541
324.728881835938,309.884521484375,0.3173828125,5732698871
328.414794921875,311.938110351563,0.2734375,5732707674
331.995391845703,313.675750732422,0.208984375,5732714400
335.260040283203,315.360748291016,0.1337890625,5732722888
337.998138427734,316.729797363281,0.056640625,5732728909
381.123321533203,221.633270263672,0.19140625,5733315696
380.702087402344,221.633270263672,0.263671875,5733315962
380.596771240234,221.738555908203,0.296875,5733316031
380.596771240234,221.738555908203,0.29296875,5733322595
380.596771240234,221.738555908203,0.3037109375,5733329238
380.596771240234,221.738555908203,0.306640625,5733338138
380.596771240234,221.738555908203,0.3095703125,5733344316
380.860046386719,221.896545410156,0.306640625,5733353249
381.281280517578,221.896545410156,0.3037109375,5733359395
382.123779296875,221.896545410156,0.3017578125,5733368260
383.2822265625,221.738555908203,0.298828125,5733368436
384.545959472656,221.633270263672,0.296875,5733374484
385.967681884766,221.369964599609,0.302734375,5733383560
387.547332763672,221.264678955078,0.3125,5733389894
389.390289306641,220.843414306641,0.3193359375,5733397930
391.1279296875,220.738098144531,0.3271484375,5733405161
392.812927246094,220.369506835938,0.33203125,5733413416
394.708557128906,220.000915527344,0.3388671875,5733419964
396.656799316406,219.369049072266,0.341796875,5733429783
398.815704345703,218.842498779297,0.3427734375,5733434861
401.079895019531,218.315948486328,0.34375,5733443313
403.238800048828,217.684051513672,0.34375,5733449893
405.239715576172,217.210174560547,0.3408203125,5733458544
406.924713134766,216.578277587891,0.337890625,5733464926
408.241119384766,216.157043457031,0.287109375,5733481223
401.817077636719,223.8974609375,0.1484375,5733629672
401.659118652344,223.8974609375,0.2041015625,5733629922
401.659118652344,224.055419921875,0.23046875,5733629970
401.659118652344,224.160736083984,0.2255859375,5733637831
401.817077636719,224.424011230469,0.232421875,5733644740
401.817077636719,224.792602539063,0.2333984375,5733653631
401.817077636719,225.424468994141,0.2333984375,5733659619
401.817077636719,226.424957275391,0.23828125,5733668675
401.817077636719,227.951965332031,0.244140625,5733675293
401.817077636719,229.478973388672,0.248046875,5733683587
401.659118652344,231.111328125,0.25390625,5733683728
401.395843505859,233.164886474609,0.2626953125,5733690214
401.079895019531,235.323791503906,0.2666015625,5733698077
400.816619873047,237.32470703125,0.2705078125,5733705168
400.395385742188,239.220336914063,0.263671875,5733713175
399.97412109375,240.852661132813,0.25390625,5733720253
399.552886962891,242.274353027344,0.1826171875,5733735210
383.2822265625,249.224945068359,0.1953125,5733855340
382.123779296875,249.382904052734,0.267578125,5733855506
382.018463134766,249.382904052734,0.30078125,5733855556
382.123779296875,249.382904052734,0.29296875,5733862987
382.123779296875,249.382904052734,0.296875,5733870114
382.703002929688,249.382904052734,0.294921875,5733878609
383.545501708984,249.224945068359,0.29296875,5733885259
384.703918457031,248.961669921875,0.291015625,5733894641
385.967681884766,248.751037597656,0.2890625,5733900194
387.442047119141,248.329803466797,0.2890625,5733908852
389.285003662109,247.855895996094,0.291015625,5733909004
391.1279296875,247.4873046875,0.2939453125,5733915368
393.128875732422,246.960723876953,0.2978515625,5733923922
395.235107421875,246.434173583984,0.3017578125,5733930308
397.657287597656,245.960266113281,0.3037109375,5733938679
400.237426757813,245.328399658203,0.306640625,5733945233
402.659576416016,244.801849365234,0.3076171875,5733954136
404.923797607422,244.433258056641,0.3076171875,5733960445
406.924713134766,244.169982910156,0.30859375,5733968572
408.662353515625,244.064666748047,0.310546875,5733975464
409.926086425781,244.064666748047,0.3154296875,5733983818
410.926544189453,244.433258056641,0.32421875,5733990486
411.76904296875,245.065124511719,0.3291015625,5733998767
412.084991455078,246.065582275391,0.3330078125,5734005469
411.927032470703,247.592620849609,0.328125,5734013871
411.189849853516,249.224945068359,0.3212890625,5734020472
410.084075927734,251.120544433594,0.31640625,5734030374
408.50439453125,252.910858154297,0.3115234375,5734035399
406.819396972656,255.069732666016,0.3154296875,5734043876
404.923797607422,257.070678710938,0.326171875,5734050322
403.080841064453,258.966278076172,0.3359375,5734058949
401.395843505859,260.756591796875,0.34765625,5734066095
399.658203125,262.388916015625,0.3544921875,5734074132
398.236480712891,263.652648925781,0.359375,5734080465
397.130706787109,264.705780029297,0.3642578125,5734089188
396.235565185547,265.548278808594,0.3701171875,5734097297
395.551025390625,266.180145263672,0.3681640625,5734103972
395.39306640625,266.601379394531,0.36328125,5734110419
395.235107421875,266.706695556641,0.3583984375,5734119081
395.551025390625,266.601379394531,0.3564453125,5734125715
396.130249023438,266.338104248047,0.35546875,5734133543
396.972747802734,265.811553955078,0.35546875,5734140601
398.078521728516,265.337646484375,0.35546875,5734149036
399.394927978516,264.547821044922,0.357421875,5734155651
401.237884521484,263.915924072266,0.3583984375,5734163963
403.080841064453,263.284057617188,0.3583984375,5734170464
404.923797607422,262.915466308594,0.359375,5734178882
406.661437988281,262.652191162109,0.359375,5734185420
408.241119384766,262.652191162109,0.361328125,5734193996
409.504852294922,262.810150146484,0.3642578125,5734200303
410.505310058594,263.178741455078,0.3701171875,5734209156
411.189849853516,263.915924072266,0.376953125,5734215603
411.927032470703,264.916412353516,0.384765625,5734224102
412.190307617188,266.180145263672,0.39453125,5734230605
412.190307617188,268.12841796875,0.3994140625,5734238858
412.084991455078,269.7607421875,0.4033203125,5734245427
411.76904296875,271.287750244141,0.4033203125,5734253751
411.189849853516,272.656799316406,0.400390625,5734263931
410.189361572266,273.815246582031,0.3564453125,5734268737
409.083587646484,274.710388183594,0.294921875,5734275693
407.767211914063,275.184295654297,0.1982421875,5734290709
369.328399658203,228.478515625,0.25390625,5734470599
368.591217041016,229.478973388672,0.3505859375,5734470872
368.591217041016,230.479431152344,0.39453125,5734470949
368.485900878906,231.637878417969,0.37890625,5734478834
368.485900878906,232.533020019531,0.373046875,5734485652
368.749206542969,234.06005859375,0.3408203125,5734494993
369.012481689453,236.060974121094,0.302734375,5734500552
369.328399658203,238.588439941406,0.2626953125,5734509219
369.591674804688,241.747802734375,0.224609375,5734515816
369.907623291016,245.328399658203,0.2060546875,5734524448
370.012939453125,249.488220214844,0.197265625,5734530813
370.1708984375,253.542724609375,0.2060546875,5734539369
370.328857421875,257.702545166016,0.2236328125,5734545805
370.750122070313,261.915008544922,0.251953125,5734554568
371.434631347656,265.706237792969,0.2861328125,5734560909
372.171813964844,269.128875732422,0.30859375,5734569151
373.014312744141,272.551513671875,0.328125,5734576392
374.593994140625,275.447570800781,0.3359375,5734584364
376.436950683594,277.869750976563,0.3427734375,5734584497
379.175048828125,279.870666503906,0.349609375,5734590994
382.123779296875,281.397705078125,0.357421875,5734599145
385.546417236328,282.556121826172,0.3671875,5734606220
389.548278808594,283.18798828125,0.3720703125,5734614252
394.129333496094,283.451263427734,0.3759765625,5734621003
398.815704345703,283.293304443359,0.3818359375,5734631719
403.502075195313,282.661437988281,0.388671875,5734635765
408.346435546875,281.924255371094,0.3896484375,5734643957
413.506683349609,281.029113769531,0.388671875,5734650851
417.929779052734,280.028625488281,0.3935546875,5734659541
422.036956787109,278.975524902344,0.40234375,5734665681
425.880828857422,278.238342285156,0.4072265625,5734674753
429.1455078125,277.237884521484,0.4111328125,5734681097
431.883605957031,276.342712402344,0.400390625,5734689509
433.989837646484,275.184295654297,0.3837890625,5734695855
435.727478027344,274.078521728516,0.3203125,5734704345
436.833251953125,272.814788818359,0.236328125,5734710733
437.728393554688,271.39306640625,0.1484375,5734726457
417.771820068359,225.424468994141,0.28125,5734921307
416.613403320313,225.793060302734,0.388671875,5734921520
416.508087158203,225.951049804688,0.4375,5734921571
416.508087158203,226.056365966797,0.4189453125,5734928941
416.508087158203,226.056365966797,0.4111328125,5734936152
416.929321289063,226.056365966797,0.39453125,5734944150
417.455902099609,225.951049804688,0.3798828125,5734951083
418.193084716797,225.793060302734,0.3740234375,5734959472
419.351501464844,225.52978515625,0.373046875,5734966085
420.773223876953,225.161193847656,0.3740234375,5734975591
422.774139404297,224.687286376953,0.3720703125,5734975734
424.88037109375,224.266052246094,0.37109375,5734981177
427.039276123047,224.055419921875,0.37109375,5734989773
429.46142578125,223.8974609375,0.37109375,5734996158
431.725646972656,223.792144775391,0.37109375,5735004590
433.884521484375,223.8974609375,0.37109375,5735011008
435.990753173828,224.266052246094,0.375,5735019779
437.833709716797,225.055877685547,0.380859375,5735026466
439.571350097656,226.319641113281,0.384765625,5735037404
440.835113525391,228.215240478516,0.3876953125,5735041285
441.572296142578,230.637420654297,0.3916015625,5735049217
441.730255126953,233.638793945313,0.3955078125,5735056570
441.414306640625,237.219390869141,0.4013671875,5735064267
440.729797363281,241.642486572266,0.41015625,5735071254
439.413391113281,246.697448730469,0.4169921875,5735079732
437.833709716797,251.647125244141,0.421875,5735086471
436.148742675781,256.596771240234,0.4248046875,5735094427
433.884521484375,261.388458251953,0.4248046875,5735102627
431.567657470703,265.548278808594,0.4228515625,5735109833
429.46142578125,269.497467041016,0.419921875,5735116632
427.302551269531,272.393524169922,0.388671875,5735125147
425.459594726563,275.078979492188,0.34375,5735131389
423.879913330078,276.342712402344,0.23828125,5735146261
417.929779052734,244.433258056641,0.23046875,5735253231
417.929779052734,244.169982910156,0.318359375,5735256809
418.035095214844,244.169982910156,0.359375,5735256870
418.614318847656,244.169982910156,0.361328125,5735259646
419.035552978516,244.275299072266,0.3798828125,5735266024
419.772735595703,244.696533203125,0.39453125,5735275167
420.878509521484,245.433715820313,0.4130859375,5735281239
422.774139404297,246.697448730469,0.4267578125,5735289812
424.88037109375,248.329803466797,0.4404296875,5735296087
427.460510253906,250.383361816406,0.4462890625,5735305559
430.303924560547,253.016174316406,0.4501953125,5735305707
433.463287353516,255.701629638672,0.4541015625,5735311358
436.833251953125,258.597686767578,0.4560546875,5735320033
440.729797363281,261.493774414063,0.4560546875,5735326645
444.415710449219,264.547821044922,0.45703125,5735334741
447.838348388672,267.338562011719,0.45703125,5735341596
451.102996826172,270.024017333984,0.458984375,5735349890
453.841094970703,272.182922363281,0.4619140625,5735356699
456.263275146484,273.920562744141,0.455078125,5735365441
458.211547851563,275.447570800781,0.443359375,5735371502
459.949188232422,276.606018066406,0.37890625,5735379570
461.107635498047,277.501159667969,0.2939453125,5735386608
401.079895019531,297.721008300781,0.2421875,5735611470
400.395385742188,297.510406494141,0.3330078125,5735611701
400.395385742188,297.247100830078,0.375,5735611750
400.395385742188,296.720550537109,0.3681640625,5735619612
400.500701904297,296.351959228516,0.375,5735626626
400.658660888672,295.983367919922,0.3701171875,5735634796
400.816619873047,295.720092773438,0.3662109375,5735641741
401.237884521484,295.983367919922,0.3623046875,5735664912
401.501159667969,296.983825683594,0.3623046875,5735665182
401.817077636719,298.774139404297,0.3642578125,5735671552
401.975067138672,300.933013916016,0.3662109375,5735680197
402.238342285156,303.565826416016,0.369140625,5735686697
402.501617431641,306.725158691406,0.3720703125,5735696941
402.817565917969,309.884521484375,0.3759765625,5735701644
403.238800048828,312.938568115234,0.375,5735709951
403.818023681641,315.992614746094,0.375,5735718161
404.397216796875,318.520080566406,0.373046875,5735725457
404.923797607422,320.521026611328,0.37109375,5735731445
405.502990722656,322.048034667969,0.3125,5735740308
406.240173339844,322.837860107422,0.228515625,5735746943
406.819396972656,322.679901123047,0.1435546875,5735761695
416.929321289063,284.8203125,0.25390625,5735911677
417.3505859375,284.925628662109,0.34765625,5735911923
417.613861083984,284.925628662109,0.390625,5735911971
418.035095214844,284.925628662109,0.380859375,5735919871
418.456359863281,284.925628662109,0.38671875,5735926865
419.351501464844,284.8203125,0.384765625,5735935508
420.457275390625,284.714996337891,0.380859375,5735942371
422.194915771484,284.293762207031,0.3798828125,5735950473
424.301147460938,283.925170898438,0.380859375,5735957229
426.460052490234,283.451263427734,0.3818359375,5735965682
428.618927001953,282.819396972656,0.3818359375,5735965842
431.146423339844,282.292846679688,0.384765625,5735971880
433.7265625,281.660980224609,0.3837890625,5735980409
436.306701660156,281.134399414063,0.3828125,5735987102
438.834167480469,280.660522460938,0.380859375,5735995457
441.730255126953,280.133941650391,0.37890625,5736002084
444.573669433594,279.765350341797,0.37890625,5736010549
447.259124755859,279.396759033203,0.37890625,5736017015
449.839263916016,279.133483886719,0.380859375,5736025845
452.261444091797,279.133483886719,0.3837890625,5736031955
454.36767578125,279.238800048828,0.3857421875,5736040503
456.263275146484,279.502075195313,0.3857421875,5736047161
457.948272705078,280.2392578125,0.388671875,5736055808
459.527954101563,281.397705078125,0.3916015625,5736062122
460.949645996094,282.819396972656,0.3974609375,5736070297
462.213409423828,284.714996337891,0.40625,5736077274
463.52978515625,287.505767822266,0.4150390625,5736085627
464.477600097656,290.665130615234,0.42578125,5736092300
465.478057861328,294.193084716797,0.4326171875,5736103217
466.373199462891,298.247589111328,0.4404296875,5736107115
467.057739257813,302.670684814453,0.44140625,5736116131
467.636962890625,306.988464355469,0.44140625,5736122211
468.058197021484,311.306243896484,0.443359375,5736130151
468.374145507813,315.202758789063,0.4462890625,5736137157
468.637420654297,318.625396728516,0.4482421875,5736145585
468.795379638672,321.416168212891,0.4482421875,5736152295
468.795379638672,323.680358886719,0.4404296875,5736160724
468.637420654297,325.365356445313,0.427734375,5736168312
468.374145507813,326.260498046875,0.359375,5736175744
467.900238037109,326.471130371094,0.265625,5736181840
467.215698242188,325.628631591797,0.16796875,5736197204
397.130706787109,307.620330810547,0.203125,5736392654
396.972747802734,307.357055664063,0.2783203125,5736392821
397.236022949219,307.09375,0.3125,5736392860
397.815246582031,306.461883544922,0.3046875,5736400061
398.394470214844,305.987976074219,0.30859375,5736407439
399.236938476563,305.092834472656,0.30859375,5736415733
400.237426757813,304.303009033203,0.310546875,5736422412
401.817077636719,303.460510253906,0.3095703125,5736433359
403.660034179688,302.565368652344,0.306640625,5736437374
405.660980224609,301.775512695313,0.3056640625,5736445987
407.925170898438,301.038330078125,0.3046875,5736446134
410.505310058594,300.406463623047,0.3046875,5736452487
413.506683349609,299.879913330078,0.306640625,5736460862
416.771362304688,299.248046875,0.3095703125,5736467361
420.351959228516,298.616180419922,0.30859375,5736476107
423.774597167969,298.142272949219,0.30859375,5736482679
427.302551269531,297.721008300781,0.3125,5736491072
430.725158691406,297.510406494141,0.318359375,5736497347
434.147796630859,297.352416992188,0.322265625,5736505857
437.307159423828,297.247100830078,0.3251953125,5736512444
440.413848876953,296.983825683594,0.3291015625,5736520989
443.151977539063,296.878509521484,0.3330078125,5736527578
445.258209228516,296.720550537109,0.2998046875,5736536015
446.837860107422,296.878509521484,0.2509765625,5736542641
447.996307373047,297.247100830078,0.16796875,5736557855
406.819396972656,320.310394287109,0.22265625,5736708096
405.924255371094,320.415710449219,0.30859375,5736708336
406.082214355469,320.678985595703,0.34765625,5736708386
406.924713134766,320.310394287109,0.3369140625,5736716005
407.345947265625,320.152435302734,0.3369140625,5736722511
408.083129882813,319.88916015625,0.3310546875,5736731301
409.241577148438,319.625854492188,0.3271484375,5736737758
410.768585205078,319.257263183594,0.3251953125,5736746554
412.769500732422,318.888671875,0.326171875,5736752854
414.928405761719,317.993530273438,0.3271484375,5736760789
417.192596435547,317.098388671875,0.3271484375,5736761001
420.036041259766,316.361206054688,0.328125,5736769747
422.879455566406,315.6240234375,0.3251953125,5736776271
425.722869873047,314.834167480469,0.32421875,5736783331
428.724243164063,314.096984863281,0.32421875,5736791228
431.462341308594,313.465118408203,0.32421875,5736798072
433.989837646484,312.938568115234,0.326171875,5736806180
436.569976806641,312.412017822266,0.3291015625,5736812787
438.992156982422,311.938110351563,0.3330078125,5736821356
441.25634765625,311.569519042969,0.3369140625,5736827510
443.151977539063,311.148254394531,0.333984375,5736837417
444.836944580078,311.04296875,0.3310546875,5736842789
445.83740234375,311.04296875,0.27734375,5736857909
446.258666992188,311.569519042969,0.1630859375,5736866165
446.100708007813,312.306701660156,0.0712890625,5736872536
410.084075927734,338.160736083984,0.17578125,5736993195
410.189361572266,337.8974609375,0.2421875,5736993622
410.663269042969,338.002777099609,0.2734375,5736993681
412.084991455078,337.107635498047,0.265625,5737001364
412.927490234375,336.633728027344,0.26953125,5737007795
414.191223144531,336.001861572266,0.26953125,5737016159
415.928863525391,335.212005615234,0.26953125,5737022884
418.035095214844,334.316864013672,0.2666015625,5737031960
420.878509521484,333.211090087891,0.265625,5737039201
423.879913330078,332.210632324219,0.265625,5737046400
426.881286621094,331.157501220703,0.267578125,5737046637
429.882690429688,330.315002441406,0.2705078125,5737052847
432.884063720703,329.525177001953,0.2763671875,5737060706
435.569519042969,328.893310546875,0.283203125,5737067939
438.149658203125,328.366729736328,0.2890625,5737076492
440.255889892578,328.156127929688,0.2958984375,5737082840
442.256805419922,327.998138427734,0.30078125,5737091576
443.836486816406,328.261444091797,0.3076171875,5737098008
445.100219726563,328.893310546875,0.3212890625,5737105809
445.83740234375,329.893768310547,0.33984375,5737113033
446.258666992188,331.420776367188,0.353515625,5737121094
446.258666992188,333.579681396484,0.3662109375,5737127933
445.83740234375,335.738555908203,0.3720703125,5737136513
445.100219726563,338.371368408203,0.3740234375,5737143074
444.257751464844,341.056823730469,0.375,5737151136
443.257263183594,343.584289550781,0.376953125,5737158188
442.256805419922,346.006469726563,0.3623046875,5737166368
440.993072509766,348.165344238281,0.341796875,5737173003
439.834655761719,350.166290283203,0.2685546875,5737188039
438.728881835938,352.061889648438,0.146484375,5737196484
437.728393554688,353.062347412109,0.0625,5737203138
464.056365966797,338.634643554688,0.2578125,5737342198
466.057281494141,340.688232421875,0.3544921875,5737342462
467.373657226563,341.320098876953,0.3984375,5737342506
469.479919433594,342.583831787109,0.390625,5737347226
470.638336181641,343.321014404297,0.400390625,5737353058
471.902069091797,344.11083984375,0.3779296875,5737361321
473.218475341797,345.111328125,0.345703125,5737368087
474.482208251953,346.111785888672,0.2421875,5737376527
