122.266975402832,160.078521728516,0.10546875,65145625431
121.371826171875,159.709930419922,0.1455078125,65145625632
121.371826171875,159.551971435547,0.1640625,65145625674
121.371826171875,159.288696289063,0.1669921875,65145630867
121.687759399414,159.183380126953,0.1796875,65145637648
121.951042175293,159.078063964844,0.1845703125,65145646181
122.266975402832,158.814788818359,0.1884765625,65145652649
122.372283935547,158.656799316406,0.1904296875,65145661341
122.68822479248,158.446197509766,0.1904296875,65145667901
123.267433166504,158.182922363281,0.216796875,65145691342
123.530715942383,158.024932861328,0.2373046875,65145697760
123.793998718262,158.024932861328,0.248046875,65145705833
124.26789855957,158.024932861328,0.2529296875,65145712894
124.689147949219,158.288208007813,0.25390625,65145721275
125.110389709473,158.656799316406,0.255859375,65145721329
125.531639099121,159.288696289063,0.2587890625,65145727706
126.110855102539,160.183837890625,0.2646484375,65145736155
126.690071105957,161.447570800781,0.271484375,65145742891
127.37459564209,162.974609375,0.27734375,65145751027
128.111785888672,164.870208740234,0.2822265625,65145759671
128.796310424805,167.029113769531,0.2880859375,65145766290
129.638793945313,169.293304443359,0.294921875,65145773024
130.3759765625,171.715484619141,0.298828125,65145781525
131.218475341797,174.400909423828,0.2998046875,65145787788
132.060974121094,177.296997070313,0.30078125,65145796215
132.956115722656,180.456359863281,0.302734375,65145802772
133.798614501953,183.352416992188,0.3037109375,65145811518
134.64111328125,185.932556152344,0.306640625,65145817981
135.378295898438,188.460052490234,0.3056640625,65145826552
136.06282043457,190.724243164063,0.3046875,65145833078
136.800003051758,192.725158691406,0.310546875,65145841536
137.379211425781,194.673431396484,0.3203125,65145848217
137.905776977539,196.411071777344,0.3271484375,65145856481
138.327026367188,197.938110351563,0.3349609375,65145863052
138.800918579102,199.359802246094,0.3359375,65145871364
139.22216796875,200.623565673828,0.3359375,65145879364
139.643417358398,201.729339599609,0.333984375,65145886522
140.064666748047,202.624481201172,0.330078125,65145894532
140.327941894531,203.25634765625,0.2451171875,65145908011
140.74919128418,203.624938964844,0.1162109375,65145916641
141.065124511719,203.624938964844,0.0478515625,65145923117
178.240188598633,141.227722167969,0.15625,65146178159
177.66096496582,141.069732666016,0.2177734375,65146178335
177.66096496582,141.227722167969,0.24609375,65146178385
177.66096496582,141.227722167969,0.2373046875,65146186002
177.66096496582,141.227722167969,0.2373046875,65146192890
177.66096496582,141.227722167969,0.2333984375,65146201234
177.818939208984,141.438323974609,0.2314453125,65146208503
177.976898193359,142.228179931641,0.228515625,65146216779
178.082214355469,143.491912841797,0.224609375,65146223386
178.240188598633,145.2822265625,0.2236328125,65146231845
178.398147583008,147.809692382813,0.22265625,65146231999
178.398147583008,150.811096191406,0.22265625,65146238157
178.398147583008,154.760284423828,0.2197265625,65146246973
178.240188598633,159.078063964844,0.21875,65146253044
178.082214355469,163.501159667969,0.220703125,65146261966
177.818939208984,167.818939208984,0.2236328125,65146268365
177.239715576172,172.610626220703,0.2275390625,65146276930
176.660507202148,177.033721923828,0.2333984375,65146283551
176.133941650391,181.351501464844,0.23828125,65146291922
175.396774291992,185.300689697266,0.2451171875,65146298136
174.554275512695,188.828643798828,0.248046875,65146306795
173.711776733398,192.093292236328,0.2490234375,65146313707
172.711318969727,195.147338867188,0.234375,65146321743
171.394912719727,197.832794189453,0.21484375,65146328739
169.709930419922,200.834167480469,0.1513671875,65146343576
101.99446105957,198.727935791016,0.1015625,65146568587
104.311317443848,197.938110351563,0.138671875,65146568789
105.575057983398,197.569519042969,0.15625,65146568831
107.575981140137,196.569061279297,0.1533203125,65146576426
108.734413146973,196.04248046875,0.15625,65146583511
110.735336303711,195.305297851563,0.162109375,65146591739
113.578750610352,193.778289794922,0.173828125,65146598601
117.422630310059,191.882690429688,0.1904296875,65146606834
121.951042175293,189.565826416016,0.2109375,65146614284
127.795845031738,186.775054931641,0.22265625,65146621848
134.061889648438,184.247589111328,0.23046875,65146629895
140.485916137695,181.456817626953,0.2333984375,65146636871
147.489151000977,178.560729980469,0.2333984375,65146643779
154.439727783203,175.664672851563,0.234375,65146652153
160.705780029297,172.873901367188,0.2314453125,65146652368
166.708541870117,170.188446044922,0.23046875,65146659128
172.553344726563,167.818939208984,0.23046875,65146667008
177.66096496582,165.660034179688,0.232421875,65146673651
182.399993896484,163.869750976563,0.2314453125,65146682302
186.50715637207,162.500701904297,0.23046875,65146688665
189.771820068359,161.236938476563,0.23046875,65146696857
192.615249633789,160.183837890625,0.232421875,65146703813
194.932098388672,159.446655273438,0.2333984375,65146711965
196.775054931641,158.814788818359,0.236328125,65146718784
198.038803100586,158.446197509766,0.2373046875,65146727254
199.039260864258,158.182922363281,0.240234375,65146733562
199.460510253906,158.182922363281,0.189453125,65146748947
199.460510253906,158.656799316406,0.099609375,65146757274
198.618011474609,159.446655273438,0.04296875,65146764156
145.593536376953,203.361663818359,0.1640625,65146898701
144.645721435547,203.25634765625,0.2255859375,65146898901
145.330261230469,203.25634765625,0.25390625,65146898944
146.172744750977,202.993072509766,0.2451171875,65146906610
146.751968383789,202.887756347656,0.2451171875,65146913909
147.489151000977,202.624481201172,0.2431640625,65146921856
148.752883911133,202.097930908203,0.2421875,65146928725
150.332565307617,201.466064453125,0.2392578125,65146937195
152.017547607422,200.623565673828,0.23828125,65146943989
154.018478393555,199.465118408203,0.23828125,65146952170
156.282684326172,198.306701660156,0.23828125,65146952318
159.020782470703,197.306243896484,0.23828125,65146961915
161.442962646484,196.305786132813,0.2353515625,65146967005
163.707153320313,195.410614013672,0.234375,65146973791
165.550109863281,194.673431396484,0.169921875,65146988955
68.9792175292969,259.229553222656,0.15234375,65147199187
68.8212509155273,258.966278076172,0.2080078125,65147199366
69.0845260620117,258.966278076172,0.234375,65147199400
70.0849914550781,258.492370605469,0.2294921875,65147207053
70.9801406860352,258.123779296875,0.234375,65147214144
72.4018478393555,257.491912841797,0.2314453125,65147222478
74.8240203857422,256.33349609375,0.23046875,65147229167
77.5094680786133,254.806457519531,0.234375,65147237551
80.6688232421875,253.174133300781,0.240234375,65147244287
84.354736328125,251.278533935547,0.244140625,65147252334
89.0411071777344,249.224945068359,0.25390625,65147252531
94.2013854980469,247.224029541016,0.2685546875,65147259262
99.7302551269531,244.801849365234,0.2763671875,65147267451
106.312240600586,242.537658691406,0.2822265625,65147274189
113.157508850098,240.220794677734,0.2861328125,65147282741
120.266052246094,237.32470703125,0.2919921875,65147289206
127.953811645508,234.428649902344,0.294921875,65147297348
135.483596801758,231.479919433594,0.2978515625,65147304207
143.4873046875,228.741790771484,0.2998046875,65147312750
151.333023071289,226.056365966797,0.2998046875,65147319155
158.44157409668,223.792144775391,0.3046875,65147328052
166.129333496094,221.369964599609,0.3134765625,65147334116
173.395843505859,219.211090087891,0.3212890625,65147342734
180.083145141602,217.315460205078,0.33203125,65147349375
186.823089599609,215.05126953125,0.3388671875,65147357886
193.194458007813,213.155670166016,0.3466796875,65147364064
198.933944702148,211.470672607422,0.349609375,65147372740
203.883605957031,209.996307373047,0.3525390625,65147379330
208.043411254883,208.732574462891,0.3544921875,65147387670
211.571365356445,207.679443359375,0.357421875,65147394500
214.57275390625,206.784301757813,0.3583984375,65147402330
217.152893066406,206.047119140625,0.3583984375,65147409446
219.259124755859,205.415252685547,0.359375,65147417637
220.996765136719,204.888671875,0.361328125,65147424433
222.260513305664,204.520080566406,0.357421875,65147432695
223.418930053711,204.256805419922,0.3525390625,65147439435
223.998153686523,204.256805419922,0.3037109375,65147447818
223.998153686523,204.520080566406,0.2392578125,65147454272
223.682220458984,205.415252685547,0.1552734375,65147469336
130.955200195313,263.547332763672,0.2109375,65147709429
130.533950805664,263.442047119141,0.291015625,65147709551
130.797225952148,263.284057617188,0.328125,65147709579
131.639724731445,263.442047119141,0.3193359375,65147717390
132.218933105469,263.547332763672,0.322265625,65147724495
132.798156738281,263.915924072266,0.3212890625,65147732955
133.640640258789,264.547821044922,0.322265625,65147739557
134.799072265625,265.706237792969,0.3212890625,65147748113
136.220779418945,267.338562011719,0.3203125,65147754571
137.642501831055,269.602783203125,0.3203125,65147764096
139.22216796875,271.919616699219,0.3203125,65147764201
140.907165527344,274.447113037109,0.322265625,65147769778
142.486831665039,276.869293212891,0.3212890625,65147777863
143.750579833984,279.396759033203,0.3203125,65147784511
145.066970825195,281.924255371094,0.322265625,65147793141
146.067443847656,284.451721191406,0.3251953125,65147799369
146.751968383789,286.979217529297,0.3271484375,65147807861
147.489151000977,289.243408203125,0.3271484375,65147814727
148.173675537109,291.402313232422,0.306640625,65147822816
148.594924926758,293.034637451172,0.27734375,65147830985
148.910858154297,294.456359863281,0.193359375,65147844689
135.062362670898,262.915466308594,0.203125,65147979845
134.64111328125,262.652191162109,0.2783203125,65147979958
134.799072265625,262.652191162109,0.3125,65147979981
135.220321655273,262.388916015625,0.302734375,65147987755
135.641571044922,262.178283691406,0.3037109375,65147994721
136.378753662109,261.651733398438,0.3017578125,65148003441
137.642501831055,261.019866943359,0.30078125,65148010025
139.643417358398,260.230010986328,0.2958984375,65148018211
141.907623291016,259.387542724609,0.2919921875,65148025069
144.645721435547,258.334411621094,0.2900390625,65148032880
147.489151000977,256.965362548828,0.2890625,65148033009
150.753814697266,255.438323974609,0.291015625,65148039864
154.018478393555,254.069274902344,0.2919921875,65148048353
157.862350463867,252.910858154297,0.294921875,65148054801
161.442962646484,251.910400390625,0.2958984375,65148063448
165.023559570313,251.015228271484,0.2958984375,65148069526
168.130249023438,250.383361816406,0.296875,65148078484
171.289611816406,249.856811523438,0.296875,65148084834
174.396301269531,249.382904052734,0.296875,65148093378
177.5556640625,248.856353759766,0.296875,65148099666
180.820327758789,248.329803466797,0.296875,65148108198
183.821716308594,247.855895996094,0.296875,65148114952
186.665130615234,247.329315185547,0.296875,65148123397
189.087295532227,246.960723876953,0.296875,65148129988
191.351501464844,246.697448730469,0.296875,65148138374
193.089141845703,246.592132568359,0.298828125,65148144997
194.510848999023,246.697448730469,0.3017578125,65148153123
195.616622924805,247.066040039063,0.3076171875,65148160092
196.511779785156,247.961212158203,0.31640625,65148168349
197.196304321289,249.382904052734,0.330078125,65148175023
197.775512695313,251.015228271484,0.3359375,65148183468
198.038803100586,253.174133300781,0.3408203125,65148190047
198.196762084961,255.543640136719,0.3447265625,65148198634
198.196762084961,258.334411621094,0.3486328125,65148204975
198.038803100586,261.493774414063,0.34765625,65148213613
197.617553710938,265.1796875,0.34765625,65148220443
197.196304321289,269.128875732422,0.34765625,65148231176
196.511779785156,272.920104980469,0.34765625,65148234713
195.774597167969,276.869293212891,0.34765625,65148243245
195.037414550781,280.660522460938,0.34765625,65148250112
194.194915771484,284.188446044922,0.34765625,65148258288
193.510391235352,287.242492675781,0.349609375,65148264811
192.931182861328,289.875274658203,0.337890625,65148273520
192.351959228516,291.928863525391,0.3212890625,65148280214
191.930709838867,293.455902099609,0.287109375,65148288191
190.666976928711,294.456359863281,0.1875,65148310451
152.333480834961,281.292388916016,0.203125,65148415274
149.911315917969,281.397705078125,0.2783203125,65148415421
149.332107543945,281.292388916016,0.3125,65148415455
148.910858154297,281.292388916016,0.306640625,65148423161
148.752883911133,281.292388916016,0.314453125,65148430437
148.752883911133,281.134399414063,0.310546875,65148438179
149.016159057617,280.871124267578,0.3076171875,65148445149
149.59538269043,280.502532958984,0.3076171875,65148452914
150.753814697266,280.028625488281,0.3115234375,65148460311
152.333480834961,279.238800048828,0.314453125,65148468806
154.439727783203,277.975067138672,0.3203125,65148468963
157.177825927734,276.448028564453,0.326171875,65148475269
160.442489624023,274.710388183594,0.330078125,65148483565
163.549194335938,272.814788818359,0.3330078125,65148490258
166.866516113281,270.866516113281,0.3349609375,65148499023
169.973205566406,268.865600585938,0.337890625,65148505212
172.974594116211,266.706695556641,0.333984375,65148513400
175.660049438477,264.705780029297,0.3310546875,65148519857
177.976898193359,262.915466308594,0.3095703125,65148528808
180.083145141602,261.125183105469,0.2802734375,65148535203
181.504852294922,259.756134033203,0.23828125,65148550244
182.663284301758,258.755645751953,0.1474609375,65148558806
183.400466918945,257.9658203125,0.0654296875,65148565719
171.131637573242,279.133483886719,0.01171875,65148655423
170.394454956055,280.660522460938,0.0166015625,65148655568
170.394454956055,281.5556640625,0.01953125,65148655599
170.552429199219,282.398162841797,0.029296875,65148664008
170.552429199219,282.819396972656,0.0458984375,65148670136
170.815704345703,283.030029296875,0.0810546875,65148678866
171.289611816406,283.030029296875,0.1259765625,65148685138
171.974136352539,282.924713134766,0.166015625,65148693975
172.974594116211,282.398162841797,0.205078125,65148700275
174.238342285156,281.766296386719,0.21875,65148708955
175.818008422852,281.134399414063,0.22265625,65148715481
177.5556640625,280.502532958984,0.220703125,65148723953
179.082672119141,279.870666503906,0.2197265625,65148730529
180.50439453125,279.238800048828,0.21875,65148739004
181.662811279297,278.870208740234,0.21875,65148739106
182.399993896484,278.60693359375,0.21875,65148745515
182.663284301758,278.60693359375,0.2314453125,65148753476
182.399993896484,278.975524902344,0.25,65148760617
181.662811279297,280.133941650391,0.259765625,65148768773
180.50439453125,281.766296386719,0.263671875,65148775393
178.819396972656,283.819854736328,0.267578125,65148783642
176.818481445313,286.610626220703,0.2724609375,65148790568
173.975051879883,289.769989013672,0.275390625,65148799075
170.815704345703,293.297912597656,0.2783203125,65148805474
167.708999633789,296.720550537109,0.2802734375,65148814130
164.4443359375,300.143188476563,0.2802734375,65148820495
161.442962646484,303.565826416016,0.28125,65148829224
158.704849243164,306.619873046875,0.283203125,65148835794
156.282684326172,309.147338867188,0.2822265625,65148843778
154.334411621094,311.569519042969,0.28125,65148850430
152.754730224609,313.307159423828,0.279296875,65148858801
151.596298217773,314.728881835938,0.27734375,65148865460
150.911773681641,315.6240234375,0.2451171875,65148873755
150.595840454102,315.992614746094,0.1982421875,65148880711
150.911773681641,315.466064453125,0.1318359375,65148895723
191.667434692383,288.348266601563,0.19140625,65149015766
192.351959228516,290.138580322266,0.263671875,65149015924
192.931182861328,291.139038085938,0.296875,65149015950
194.089614868164,293.455902099609,0.29296875,65149023660
194.616165161133,294.456359863281,0.3017578125,65149032399
195.511322021484,295.720092773438,0.3037109375,65149038667
196.617095947266,297.089141845703,0.306640625,65149045630
198.038803100586,298.774139404297,0.3076171875,65149053986
199.618469238281,300.406463623047,0.310546875,65149060790
201.35612487793,302.038787841797,0.3115234375,65149069088
203.620330810547,303.671142578125,0.3115234375,65149069256
205.7265625,305.356109619141,0.314453125,65149075769
207.885452270508,306.988464355469,0.3134765625,65149083485
209.886367797852,308.778747558594,0.310546875,65149090861
211.887298583984,310.516387939453,0.263671875,65149105767
214.151504516602,312.306701660156,0.1591796875,65149114228
216.415710449219,313.675750732422,0.0693359375,65149120778
269.018951416016,146.282684326172,0.2578125,65149541154
268.176452636719,145.2822265625,0.3564453125,65149541287
268.176452636719,146.124725341797,0.40234375,65149541313
268.597686767578,145.756134033203,0.390625,65149549208
269.176910400391,145.756134033203,0.3935546875,65149556056
270.019409179688,145.650817871094,0.3916015625,65149566513
271.599090576172,145.492828369141,0.390625,65149570932
273.547332763672,145.018951416016,0.3876953125,65149579849
275.969512939453,144.387054443359,0.38671875,65149585772
278.707611083984,143.597229003906,0.38671875,65149594762
281.814331054688,142.596771240234,0.388671875,65149594922
285.394927978516,141.438323974609,0.3916015625,65149601145
289.080841064453,140.332550048828,0.3955078125,65149609653
292.819396972656,139.174133300781,0.3994140625,65149616308
296.347351074219,138.015716552734,0.4052734375,65149624695
299.927947998047,136.751953125,0.4140625,65149631319
303.3505859375,135.488220214844,0.4169921875,65149639598
306.509918212891,134.487762451172,0.416015625,65149646228
309.353363037109,133.592620849609,0.4150390625,65149654611
312.038787841797,132.855438232422,0.416015625,65149661367
314.303009033203,132.223571777344,0.408203125,65149670433
316.198608398438,131.433715820313,0.396484375,65149676288
317.620330810547,130.801849365234,0.35546875,65149684717
318.304840087891,130.327941894531,0.2314453125,65149706815
276.127471923828,149.705322265625,0.19921875,65149811644
273.020782470703,150.073913574219,0.2744140625,65149811755
272.441558837891,150.442504882813,0.30859375,65149811773
271.704376220703,151.074371337891,0.30078125,65149819201
271.599090576172,151.442962646484,0.302734375,65149826379
271.441101074219,152.074829101563,0.298828125,65149834763
271.441101074219,152.969970703125,0.2978515625,65149841233
271.704376220703,154.12841796875,0.294921875,65149849979
272.020324707031,155.918701171875,0.29296875,65149856529
272.441558837891,158.656799316406,0.29296875,65149865088
273.020782470703,161.710845947266,0.2900390625,65149865233
273.547332763672,165.291442871094,0.2890625,65149871605
274.126556396484,169.293304443359,0.287109375,65149880162
274.863739013672,174.242950439453,0.28515625,65149886542
275.127014160156,179.982452392578,0.28515625,65149895227
275.285003662109,186.037872314453,0.287109375,65149902136
275.021697998047,193.146423339844,0.2900390625,65149910148
274.284515380859,200.728881835938,0.2939453125,65149916514
273.126098632813,209.575042724609,0.2978515625,65149925072
271.599090576172,218.737182617188,0.3017578125,65149931711
270.019409179688,228.847106933594,0.3095703125,65149940199
268.018463134766,238.746429443359,0.3203125,65149946384
266.017547607422,248.961669921875,0.337890625,65149955601
263.858673095703,258.860961914063,0.361328125,65149961811
261.752410888672,268.760284423828,0.3759765625,65149969491
259.172271728516,277.975067138672,0.3876953125,65149976405
256.908081054688,286.610626220703,0.3896484375,65149984889
254.64387512207,294.930267333984,0.390625,65149991703
252.327026367188,302.565368652344,0.388671875,65149999985
250.220779418945,309.410614013672,0.38671875,65150006581
247.903930664063,315.466064453125,0.34765625,65150015289
245.79768371582,320.942260742188,0.291015625,65150022326
243.638793945313,325.470672607422,0.1962890625,65150036234
281.287750244141,210.47021484375,0.25390625,65150291976
280.550567626953,210.838806152344,0.34765625,65150292102
280.971832275391,211.102081298828,0.390625,65150292122
281.709014892578,211.102081298828,0.380859375,65150302639
282.393524169922,211.260040283203,0.38671875,65150306515
283.393981933594,211.260040283203,0.38671875,65150315267
284.815704345703,210.628173828125,0.38671875,65150321989
286.974609375,209.838348388672,0.390625,65150330550
289.660034179688,208.837860107422,0.396484375,65150336684
292.819396972656,207.574127197266,0.400390625,65150345617
296.242034912109,206.152435302734,0.40625,65150345734
299.927947998047,204.520080566406,0.4150390625,65150351759
303.771820068359,202.624481201172,0.4189453125,65150360570
307.773681640625,200.728881835938,0.4208984375,65150366570
311.459594726563,198.938568115234,0.421875,65150375063
314.724243164063,197.306243896484,0.423828125,65150382018
317.620330810547,195.937194824219,0.419921875,65150390425
320.147796630859,194.778747558594,0.4169921875,65150397082
322.148742675781,193.778289794922,0.3974609375,65150405171
323.728393554688,192.883148193359,0.3740234375,65150412267
324.886840820313,192.251281738281,0.33203125,65150420911
325.308074951172,191.987976074219,0.2158203125,65150442535
276.127471923828,236.587524414063,0.1484375,65150576910
275.285003662109,236.798156738281,0.2041015625,65150577088
276.127471923828,236.956115722656,0.23046875,65150577123
277.1279296875,236.692840576172,0.228515625,65150584992
277.865112304688,236.429565429688,0.2373046875,65150592061
278.970886230469,235.955657958984,0.2529296875,65150600071
280.550567626953,235.165832519531,0.2734375,65150606959
282.551513671875,233.638793945313,0.2890625,65150615495
284.973663330078,232.006469726563,0.3056640625,65150622207
288.080383300781,230.005554199219,0.3125,65150630898
291.397705078125,227.951965332031,0.3212890625,65150631014
294.662353515625,225.951049804688,0.333984375,65150636788
298.084991455078,223.634185791016,0.33984375,65150645554
301.770904541016,221.369964599609,0.3427734375,65150651909
305.351501464844,219.369049072266,0.34375,65150661090
308.932098388672,217.052185058594,0.34375,65150666984
312.19677734375,214.893310546875,0.3408203125,65150675322
314.882202148438,212.997680664063,0.33984375,65150682324
316.883148193359,211.470672607422,0.294921875,65150690591
318.462829589844,210.206939697266,0.23046875,65150697309
319.463287353516,209.469757080078,0.1494140625,65150712297
280.708557128906,235.6923828125,0.1015625,65150832599
279.392150878906,237.219390869141,0.138671875,65150832761
279.392150878906,238.746429443359,0.15625,65150832798
279.392150878906,241.010620117188,0.1513671875,65150840507
279.550109863281,242.537658691406,0.15234375,65150847024
279.708068847656,244.907165527344,0.15234375,65150855570
279.971374511719,248.119171142578,0.15234375,65150862585
280.129333496094,251.752410888672,0.1494140625,65150870709
280.287292480469,256.070220947266,0.146484375,65150877503
280.287292480469,261.019866943359,0.1689453125,65150885491
280.287292480469,266.180145263672,0.2021484375,65150892556
280.287292480469,271.129791259766,0.2451171875,65150900653
280.287292480469,275.816162109375,0.29296875,65150908997
280.287292480469,280.397216796875,0.326171875,65150915892
280.550567626953,284.188446044922,0.353515625,65150922045
280.971832275391,287.505767822266,0.365234375,65150931161
281.551025390625,290.243865966797,0.3759765625,65150931287
282.393524169922,292.192138671875,0.38671875,65150936903
283.393981933594,293.561187744141,0.3974609375,65150945917
284.710388183594,294.456359863281,0.4111328125,65150952561
286.395385742188,294.456359863281,0.423828125,65150961079
288.396301269531,293.66650390625,0.4384765625,65150967448
290.976440429688,292.0341796875,0.44921875,65150975533
293.661895751953,289.611999511719,0.4609375,65150982546
296.663269042969,286.452667236328,0.4658203125,65150991589
299.927947998047,282.187530517578,0.4697265625,65150997607
302.192138671875,278.975524902344,0.4716796875,65151005369
305.930725097656,273.446655273438,0.474609375,65151012459
309.616638183594,267.233245849609,0.466796875,65151020818
313.039276123047,261.125183105469,0.45703125,65151027719
316.303924560547,255.175048828125,0.41796875,65151035921
319.305297851563,249.382904052734,0.3671875,65151042585
322.148742675781,243.643432617188,0.251953125,65151057562
350.793548583984,200.096984863281,0.1796875,65151147504
350.951507568359,199.99169921875,0.24609375,65151147657
351.372741699219,200.096984863281,0.27734375,65151147693
351.636016845703,200.360290527344,0.283203125,65151155501
351.794006347656,200.623565673828,0.3037109375,65151162767
351.794006347656,200.834167480469,0.3134765625,65151173272
351.951965332031,201.255432128906,0.3203125,65151177907
351.951965332031,201.992614746094,0.3251953125,65151186004
351.794006347656,202.729797363281,0.3310546875,65151192709
351.636016845703,204.046203613281,0.333984375,65151200998
351.109466552734,205.678527832031,0.3369140625,65151201168
350.214324951172,207.83740234375,0.3408203125,65151207385
348.950592041016,210.206939697266,0.3427734375,65151216113
346.949645996094,213.155670166016,0.345703125,65151222846
344.369506835938,216.578277587891,0.3525390625,65151231366
341.526092529297,220.474822998047,0.365234375,65151237567
338.419403076172,224.424011230469,0.373046875,65151245919
335.102081298828,228.320556640625,0.380859375,65151252353
331.574127197266,232.269744873047,0.3759765625,65151261039
327.835571289063,236.060974121094,0.365234375,65151267654
323.99169921875,240.115478515625,0.2626953125,65151282984
289.554748535156,233.533477783203,0.26171875,65151432850
289.818023681641,233.638793945313,0.3603515625,65151433028
290.660522460938,233.902069091797,0.40625,65151433064
292.240173339844,234.165344238281,0.396484375,65151442608
293.082672119141,234.533935546875,0.40234375,65151447552
294.662353515625,235.060516357422,0.40234375,65151456391
296.663269042969,235.6923828125,0.40234375,65151462940
299.08544921875,236.587524414063,0.3974609375,65151471162
301.770904541016,237.693298339844,0.3935546875,65151477970
305.035552978516,239.115020751953,0.3916015625,65151486705
309.037414550781,241.010620117188,0.39453125,65151486933
313.302551269531,243.274841308594,0.4033203125,65151493060
317.883605957031,246.065582275391,0.4111328125,65151501300
322.885925292969,248.961669921875,0.421875,65151507840
328.414794921875,252.278991699219,0.4287109375,65151516216
333.996307373047,255.806915283203,0.4365234375,65151523054
339.525177001953,259.492828369141,0.443359375,65151531534
345.106689453125,263.547332763672,0.451171875,65151537632
350.793548583984,267.601837158203,0.462890625,65151546301
356.217102050781,271.656341552734,0.4794921875,65151552615
361.640655517578,275.552886962891,0.4892578125,65151561613
367.590759277344,279.765350341797,0.498046875,65151567953
373.330261230469,284.188446044922,0.501953125,65151576119
378.859130859375,288.348266601563,0.5048828125,65151582967
384.282684326172,292.560729980469,0.5068359375,65151591572
389.548278808594,296.457275390625,0.5068359375,65151597973
394.550567626953,300.248504638672,0.5078125,65151606329
399.078979492188,303.8291015625,0.5078125,65151612842
403.396759033203,307.251739501953,0.4990234375,65151620966
407.240661621094,309.779205322266,0.486328125,65151628112
410.768585205078,311.780151367188,0.4375,65151636538
414.191223144531,313.201843261719,0.37109375,65151642982
417.613861083984,313.465118408203,0.2509765625,65151658103
421.615692138672,183.141815185547,0.2734375,65152138308
420.194000244141,183.141815185547,0.3779296875,65152138504
420.194000244141,183.141815185547,0.42578125,65152138541
420.615234375,182.983825683594,0.41796875,65152146336
421.036499023438,182.983825683594,0.42578125,65152153157
421.773681640625,182.720550537109,0.42578125,65152162065
422.774139404297,182.351959228516,0.42578125,65152169382
424.459136962891,181.720092773438,0.42578125,65152176800
426.302093505859,180.98291015625,0.427734375,65152183082
428.460968017578,180.193084716797,0.4287109375,65152192024
430.725158691406,179.192596435547,0.4287109375,65152192162
433.147338867188,178.0341796875,0.431640625,65152198693
435.727478027344,177.033721923828,0.4326171875,65152206879
438.3076171875,175.927947998047,0.435546875,65152213160
440.571838378906,174.874816894531,0.4345703125,65152222515
443.151977539063,173.874359130859,0.43359375,65152228202
445.416168212891,172.873901367188,0.416015625,65152236804
447.417083740234,171.978759765625,0.3935546875,65152244819
449.260040283203,171.241577148438,0.30859375,65152258479
450.839721679688,170.714996337891,0.1689453125,65152266830
451.682220458984,170.346435546875,0.0712890625,65152273576
414.085906982422,219.579681396484,0.2734375,65152393711
412.927490234375,220.474822998047,0.375,65152394066
412.611541748047,220.474822998047,0.421875,65152394151
412.769500732422,220.632781982422,0.4033203125,65152401749
413.190765380859,220.632781982422,0.3974609375,65152408358
413.927947998047,220.474822998047,0.3857421875,65152416928
415.033721923828,220.106231689453,0.37890625,65152423726
416.771362304688,219.369049072266,0.3740234375,65152432244
418.930267333984,218.210632324219,0.369140625,65152440927
421.615692138672,216.68359375,0.3681640625,65152447223
424.617095947266,214.682678222656,0.369140625,65152447397
427.723785400391,212.523773193359,0.3740234375,65152453530
430.725158691406,210.206939697266,0.376953125,65152462246
433.989837646484,207.942718505859,0.3798828125,65152468816
437.149200439453,205.678527832031,0.376953125,65152476955
440.413848876953,203.361663818359,0.3720703125,65152483670
443.415252685547,201.097473144531,0.3173828125,65152492418
445.995391845703,198.938568115234,0.240234375,65152499071
448.101623535156,196.411071777344,0.1533203125,65152513571
434.147796630859,187.038330078125,0.2109375,65152648698
433.147338867188,189.8291015625,0.291015625,65152649015
433.147338867188,191.356109619141,0.328125,65152649131
433.463287353516,193.515014648438,0.322265625,65152657244
433.7265625,194.884063720703,0.328125,65152663779
433.989837646484,196.937652587891,0.3212890625,65152672553
434.411071777344,199.359802246094,0.3115234375,65152678905
434.990295410156,202.361206054688,0.302734375,65152687383
435.727478027344,205.309936523438,0.2939453125,65152694037
436.306701660156,208.311309814453,0.291015625,65152702325
436.727935791016,211.260040283203,0.287109375,65152702484
437.307159423828,214.261444091797,0.283203125,65152710475
437.728393554688,217.210174560547,0.228515625,65152723900
438.149658203125,220.738098144531,0.1279296875,65152732459
438.3076171875,224.055419921875,0.0546875,65152739087
413.769989013672,256.860046386719,0.2734375,65152874066
413.08544921875,256.860046386719,0.375,65152874247
413.190765380859,256.702087402344,0.421875,65152874283
413.769989013672,256.175506591797,0.4013671875,65152881947
414.349182128906,255.964904785156,0.3916015625,65152888857
415.191680908203,255.069732666016,0.3837890625,65152897671
416.508087158203,253.648040771484,0.3798828125,65152904058
418.456359863281,251.647125244141,0.380859375,65152912436
421.194458007813,249.382904052734,0.3857421875,65152919617
424.195831298828,246.697448730469,0.388671875,65152927806
427.302551269531,243.801391601563,0.3896484375,65152927981
430.461883544922,240.852661132813,0.392578125,65152934119
433.7265625,237.693298339844,0.3955078125,65152942651
436.9912109375,234.533935546875,0.3994140625,65152949051
440.571838378906,231.374603271484,0.4013671875,65152957691
443.994445800781,228.215240478516,0.404296875,65152964326
447.101165771484,224.897918701172,0.3681640625,65152972969
450.523773193359,221.633270263672,0.31640625,65152979064
453.525177001953,217.684051513672,0.21484375,65152994833
467.057739257813,137.278533935547,0.22265625,65153249181
466.794464111328,137.015228271484,0.30859375,65153249429
467.057739257813,137.015228271484,0.34765625,65153249481
467.900238037109,136.909942626953,0.3388671875,65153257159
468.479431152344,136.751953125,0.34375,65153264303
469.637878417969,136.541351318359,0.3388671875,65153272717
471.217559814453,136.014770507813,0.3349609375,65153279531
473.060516357422,135.11962890625,0.3310546875,65153287889
475.32470703125,134.119171142578,0.3291015625,65153294789
477.904846191406,132.960723876953,0.328125,65153303215
480.90625,131.696990966797,0.330078125,65153303418
484.1708984375,130.327941894531,0.3330078125,65153309528
487.751495361328,128.800918579102,0.33203125,65153317815
490.858184814453,127.168594360352,0.330078125,65153324455
494.017547607422,125.746887207031,0.3291015625,65153332921
496.860961914063,124.483139038086,0.330078125,65153339755
499.388458251953,123.482681274414,0.3310546875,65153347905
501.810638427734,122.692840576172,0.333984375,65153354225
504.127471923828,122.060974121094,0.3330078125,65153363212
506.12841796875,121.6923828125,0.33203125,65153369222
507.655426025391,121.587066650391,0.333984375,65153380244
509.0771484375,121.6923828125,0.3369140625,65153384536
510.393524169922,122.587524414063,0.3359375,65153393066
511.393981933594,123.587997436523,0.3359375,65153399570
511.973205566406,124.85173034668,0.3359375,65153407983
512.236511230469,126.642028808594,0.337890625,65153414298
512.236511230469,128.642959594727,0.3388671875,65153423081
511.973205566406,130.801849365234,0.341796875,65153429760
511.236022949219,133.329315185547,0.3466796875,65153437933
510.393524169922,136.541351318359,0.353515625,65153446223
509.39306640625,139.542724609375,0.357421875,65153453237
508.392608642578,142.33349609375,0.3603515625,65153459441
507.234191894531,145.018951416016,0.3603515625,65153468058
505.970428466797,147.546417236328,0.359375,65153474844
504.81201171875,149.705322265625,0.341796875,65153482821
503.706237792969,151.442962646484,0.3193359375,65153489677
502.389831542969,152.864654541016,0.2255859375,65153504720
486.013854980469,112.582916259766,0.171875,65153639718
486.013854980469,111.845733642578,0.23828125,65153639887
486.171813964844,111.687759399414,0.26953125,65153639916
486.277130126953,111.161193847656,0.2236328125,65153647501
486.435089111328,111.42448425293,0.1708984375,65153654391
486.751037597656,112.056350708008,0.12109375,65153663378
486.751037597656,113.109466552734,0.0751953125,65153670085
486.435089111328,114.847106933594,0.04296875,65153677989
486.171813964844,117.637878417969,0.0185546875,65153684711
468.216156005859,158.182922363281,0.07421875,65153744873
464.951507568359,162.079437255859,0.103515625,65153745083
463.793060302734,164.133026123047,0.1171875,65153745135
462.634643554688,166.765808105469,0.1083984375,65153752602
462.213409423828,167.660980224609,0.103515625,65153760024
461.370910644531,168.819396972656,0.0732421875,65153769335
460.528411865234,169.819854736328,0.0341796875,65153774679
446.258666992188,172.873901367188,0.20703125,65153895142
446.258666992188,172.610626220703,0.287109375,65153895374
446.837860107422,172.610626220703,0.32421875,65153895429
447.680358886719,172.242034912109,0.3154296875,65153902980
448.680816650391,171.978759765625,0.3203125,65153912165
450.1025390625,171.610168457031,0.318359375,65153919327
452.103454589844,171.083587646484,0.31640625,65153925056
454.525634765625,170.188446044922,0.322265625,65153933049
457.684997558594,168.924713134766,0.33203125,65153940188
461.634185791016,167.5556640625,0.3369140625,65153948642
466.215240478516,166.028625488281,0.34765625,65153948853
471.322875976563,164.396301269531,0.3603515625,65153954732
477.325622558594,162.606018066406,0.375,65153963699
483.749664306641,161.236938476563,0.3935546875,65153970178
490.436950683594,159.288696289063,0.4033203125,65153981309
497.440185546875,157.39306640625,0.412109375,65153984904
504.390747070313,155.7607421875,0.416015625,65153993530
511.078063964844,154.12841796875,0.4169921875,65153999922
517.765380859375,152.496063232422,0.41796875,65154008542
523.768127441406,150.705780029297,0.41796875,65154015158
529.349670410156,148.915466308594,0.419921875,65154023688
534.036010742188,147.388458251953,0.4228515625,65154030223
538.143188476563,146.124725341797,0.421875,65154038437
541.723815917969,145.124237060547,0.421875,65154047483
544.725158691406,144.229095458984,0.421875,65154053910
547.147338867188,143.491912841797,0.423828125,65154060211
548.990295410156,142.965362548828,0.4052734375,65154068612
550.411987304688,142.596771240234,0.3798828125,65154075339
551.254516601563,142.491455078125,0.3154296875,65154083534
551.728393554688,142.596771240234,0.236328125,65154090222
551.570434570313,143.491912841797,0.150390625,65154104979
479.168579101563,180.614318847656,0.2578125,65154300117
478.747344970703,180.456359863281,0.3564453125,65154300295
478.589385986328,180.456359863281,0.40234375,65154300341
478.905303955078,180.456359863281,0.388671875,65154308383
479.168579101563,180.456359863281,0.3857421875,65154315025
479.90576171875,180.719635009766,0.3818359375,65154323732
480.748260498047,181.246185302734,0.37890625,65154330493
482.012023925781,181.983367919922,0.3759765625,65154338839
483.85498046875,182.878509521484,0.375,65154345400
486.277130126953,184.405548095703,0.375,65154353641
489.173217773438,185.932556152344,0.3720703125,65154353816
491.70068359375,187.564910888672,0.37109375,65154360474
494.280822753906,189.091918945313,0.37109375,65154368826
496.703002929688,190.618927001953,0.373046875,65154375604
498.861907958984,192.093292236328,0.3740234375,65154383450
500.810150146484,193.620330810547,0.3740234375,65154390470
502.547821044922,194.884063720703,0.375,65154399103
504.127471923828,196.04248046875,0.376953125,65154405907
505.391235351563,197.04296875,0.3515625,65154413914
506.549652099609,197.832794189453,0.3154296875,65154420392
507.392150878906,198.306701660156,0.21875,65154435429
486.171813964844,180.824951171875,0.27734375,65154540465
484.855438232422,180.351043701172,0.3818359375,65154540677
484.750122070313,180.087768554688,0.4296875,65154540730
484.855438232422,179.719177246094,0.4150390625,65154548179
485.329315185547,179.3505859375,0.416015625,65154555345
486.171813964844,179.087310791016,0.4072265625,65154563984
487.435577392578,178.666046142578,0.3994140625,65154570436
489.436492919922,178.0341796875,0.396484375,65154579751
491.70068359375,177.402313232422,0.39453125,65154585541
494.280822753906,176.665130615234,0.39453125,65154594158
496.966278076172,175.927947998047,0.3896484375,65154594312
499.967681884766,175.296081542969,0.3857421875,65154600566
502.969055175781,174.769500732422,0.3837890625,65154609144
506.233703613281,174.400909423828,0.3828125,65154615714
509.0771484375,174.242950439453,0.3828125,65154623995
511.657287597656,174.400909423828,0.384765625,65154630709
513.816162109375,174.769500732422,0.3857421875,65154638681
515.501159667969,175.401397705078,0.3857421875,65154646090
516.659606933594,176.296539306641,0.38671875,65154653608
517.344116210938,177.402313232422,0.38671875,65154660675
517.502075195313,178.929321289063,0.38671875,65154669098
517.080810546875,180.98291015625,0.38671875,65154675689
516.080383300781,183.141815185547,0.388671875,65154683911
514.500671386719,185.406005859375,0.3916015625,65154690499
512.65771484375,187.564910888672,0.3935546875,65154699090
510.656799316406,190.092376708984,0.3935546875,65154705654
508.550567626953,192.251281738281,0.39453125,65154716903
506.391693115234,194.252197265625,0.39453125,65154721029
504.390747070313,196.147796630859,0.39453125,65154729143
502.705780029297,197.832794189453,0.39453125,65154735658
501.284057617188,199.201843261719,0.39453125,65154744156
500.283599853516,200.202301025391,0.39453125,65154750513
499.546417236328,201.097473144531,0.396484375,65154759059
499.125183105469,201.887298583984,0.4013671875,65154765717
499.125183105469,202.255889892578,0.41015625,65154774217
499.546417236328,202.361206054688,0.4208984375,65154783536
500.283599853516,202.255889892578,0.4287109375,65154789047
501.389373779297,201.992614746094,0.4365234375,65154795792
502.705780029297,201.360748291016,0.439453125,65154803895
504.390747070313,200.834167480469,0.4404296875,65154811121
506.391693115234,200.202301025391,0.44140625,65154818937
508.655883789063,199.570434570313,0.44140625,65154825839
510.656799316406,198.727935791016,0.421875,65154834194
512.499755859375,198.043426513672,0.3935546875,65154840837
514.079467773438,197.306243896484,0.3193359375,65154855755
515.501159667969,196.779663085938,0.18359375,65154864168
516.501586914063,196.411071777344,0.0791015625,65154870765
482.433258056641,225.951049804688,0.23828125,65154990960
481.432800292969,226.056365966797,0.3291015625,65154991148
481.590759277344,226.056365966797,0.37109375,65154991197
482.327941894531,225.687774658203,0.357421875,65154998981
482.749206542969,225.424468994141,0.3544921875,65155005840
483.591674804688,224.897918701172,0.3525390625,65155014140
484.855438232422,224.266052246094,0.35546875,65155020952
486.856353759766,223.423553466797,0.359375,65155029471
489.015228271484,222.528411865234,0.3642578125,65155036200
491.279449462891,221.475280761719,0.3662109375,65155044528
493.701629638672,220.369506835938,0.37109375,65155044780
496.281768798828,219.211090087891,0.3798828125,65155050602
498.967193603516,218.105316162109,0.3837890625,65155059486
501.810638427734,216.946868896484,0.3876953125,65155065581
504.706695556641,215.946411132813,0.380859375,65155074550
507.392150878906,214.787994384766,0.369140625,65155081144
509.656341552734,213.892852783203,0.27734375,65155096118
511.499298095703,213.155670166016,0.1376953125,65155104521
512.921020507813,212.260498046875,0.056640625,65155111426
492.595855712891,220.632781982422,0.21484375,65155220114
490.173675537109,221.633270263672,0.2978515625,65155220411
489.699768066406,222.26513671875,0.3359375,65155220472
489.173217773438,223.634185791016,0.3212890625,65155223914
488.857269287109,224.266052246094,0.31640625,65155231287
488.593994140625,225.055877685547,0.2939453125,65155239572
488.278045654297,225.793060302734,0.2666015625,65155248031
488.014770507813,227.214782714844,0.236328125,65155254428
487.593536376953,228.583831787109,0.20703125,65155261196
487.014312744141,230.005554199219,0.181640625,65155269688
486.171813964844,231.374603271484,0.1572265625,65155276329
485.171356201172,232.796295166016,0.146484375,65155284505
483.85498046875,234.270660400391,0.1435546875,65155291261
482.433258056641,235.955657958984,0.1240234375,65155299406
480.90625,237.32470703125,0.0986328125,65155306224
478.905303955078,238.746429443359,0.064453125,65155317229
476.483154296875,240.220794677734,0.0283203125,65155321313
454.68359375,253.016174316406,0.171875,65155381369
453.946411132813,253.279449462891,0.23828125,65155381560
453.946411132813,253.174133300781,0.26953125,65155381652
454.262359619141,253.279449462891,0.2724609375,65155388984
454.68359375,253.174133300781,0.2900390625,65155396026
455.368133544922,252.910858154297,0.3076171875,65155404741
456.684539794922,252.278991699219,0.326171875,65155411429
458.685455322266,251.647125244141,0.345703125,65155419562
461.528869628906,250.857269287109,0.365234375,65155426310
465.056823730469,250.014770507813,0.3740234375,65155434664
469.216613769531,248.856353759766,0.390625,65155434832
474.060974121094,247.592620849609,0.412109375,65155441497
479.747802734375,246.1708984375,0.431640625,65155451031
485.592620849609,244.696533203125,0.44921875,65155456234
492.016632080078,243.169525146484,0.458984375,65155464736
498.545959472656,241.484527587891,0.46484375,65155471136
505.1279296875,239.852203369141,0.478515625,65155480516
511.499298095703,238.325164794922,0.494140625,65155485857
518.081298828125,236.429565429688,0.5068359375,65155494966
524.189392089844,234.533935546875,0.5166015625,65155501392
529.876220703125,232.901611328125,0.521484375,65155509912
535.036499023438,231.479919433594,0.5244140625,65155515930
539.722839355469,230.216156005859,0.5244140625,65155524739
543.724731445313,229.215698242188,0.5234375,65155531459
547.568603515625,228.320556640625,0.525390625,65155539350
550.727966308594,227.583374023438,0.5302734375,65155546453
553.413391113281,226.951507568359,0.5224609375,65155554657
555.572265625,226.319641113281,0.5078125,65155561485
557.257263183594,225.793060302734,0.4833984375,65155569602
558.678955078125,225.319183349609,0.45703125,65155576490
559.679443359375,224.792602539063,0.4033203125,65155584991
560.416625976563,224.160736083984,0.337890625,65155591503
560.521911621094,223.160278320313,0.2275390625,65155606519
518.660522460938,197.569519042969,0.24609375,65155756283
517.502075195313,197.674835205078,0.3369140625,65155756510
517.344116210938,197.674835205078,0.37890625,65155756556
517.502075195313,198.043426513672,0.3701171875,65155764677
517.660034179688,198.306701660156,0.373046875,65155771363
517.765380859375,198.569976806641,0.369140625,65155782121
518.081298828125,199.096527099609,0.365234375,65155786251
518.344543457031,199.99169921875,0.361328125,65155795044
518.660522460938,201.360748291016,0.3603515625,65155801997
518.923767089844,203.888214111328,0.359375,65155810243
519.23974609375,206.784301757813,0.3564453125,65155810303
519.502990722656,210.364898681641,0.35546875,65155816562
519.660949707031,214.787994384766,0.357421875,65155825377
519.660949707031,219.842956542969,0.3603515625,65155831988
519.660949707031,225.793060302734,0.375,65155840146
519.345031738281,232.533020019531,0.396484375,65155846793
518.923767089844,239.483612060547,0.421875,65155854810
518.502563476563,246.960723876953,0.44921875,65155861787
518.081298828125,254.279907226563,0.474609375,65155870889
517.502075195313,261.283142089844,0.4990234375,65155876799
516.9228515625,267.865112304688,0.517578125,65155885049
516.501586914063,274.183837890625,0.53515625,65155891626
516.238342285156,280.028625488281,0.546875,65155900017
515.817077636719,285.452178955078,0.55859375,65155906731
515.501159667969,290.507171630859,0.5673828125,65155915313
515.237854003906,295.088226318359,0.576171875,65155921704
515.237854003906,299.248046875,0.58203125,65155930268
515.237854003906,303.197235107422,0.5888671875,65155937142
515.237854003906,306.461883544922,0.59765625,65155945073
515.237854003906,309.252655029297,0.611328125,65155951810
515.237854003906,311.569519042969,0.62109375,65155960103
515.237854003906,313.465118408203,0.630859375,65155966571
515.237854003906,314.939483642578,0.63671875,65155975355
515.237854003906,316.097930908203,0.6435546875,65155981857
515.237854003906,316.993072509766,0.64453125,65155990117
515.237854003906,317.888214111328,0.64453125,65155996928
515.237854003906,318.625396728516,0.642578125,65156004916
515.237854003906,319.257263183594,0.640625,65156011958
515.237854003906,319.783843994141,0.6318359375,65156019506
515.237854003906,320.310394287109,0.62109375,65156026744
515.343200683594,320.784301757813,0.5966796875,65156035217
515.659118652344,321.310852050781,0.568359375,65156041951
515.922424316406,321.679443359375,0.5283203125,65156050388
516.238342285156,321.942718505859,0.484375,65156056510
516.501586914063,321.942718505859,0.3935546875,65156064974
517.080810546875,321.574127197266,0.283203125,65156071822
517.502075195313,320.784301757813,0.1767578125,65156086618
